0.0065800762736965
0.0009547512413876635
0.027683673513618556
0.00039318878117500233
0.0007891644711370827
0.0007994169565554987
0.009069378949523976
0.00012467436011220911
0.06026310395914103
0.04536718449498767
0.04861889682769327
0.009765019737964176
0.03628938379265567
0.04442090258139375
0.014455557245014905
0.008599099177328151
0.003525128163827551
0.030061376398674344
0.05943094690121753
0.027739712030096397
0.027693735337263048
0.04782455649461892
0.06734145105507361
0.016324608665858165
0.1325833247785464
2.1787777294557387e-05
3.602201300356711e-05
0.01807351115905287
0.00844582152972384
0.03771787230486101
0.07810232646459592
4.4305709379299785e-05
0.12268652583961237
0.020206142194540977
0.004420160152357244
0.00021182302160260846
0.009557560628363104
0.002138730234651165
0.04453602508240051
0.008865256451221937
0.00856861100449624
0.027442230941521206
0.08099230940191071
0.01024945214500339
0.04383822888880662
0.0028130459806532393
0.09471142366453833
0.06613075399424329
0.012841359782002515
0.01466560484801449
0.0014336191553618871
0.02868444983978491
0.008362497268668667
0.007591707934495595
0.05298235743598223
0.019034663667767182
0.03584666076509824
0.0015907201285212391
0.03518270868688811
0.002253172494059985
0.014842680645271944
0.0051320360429056855
0.0066220887548784635
0.042613947589416945
0.003061113925828751
0.01128592687143759
0.058201376524895654
0.01871599951199676
0.03892374107606922
0.045222259879144744
0.044767723081629685
0.16023972302037381
0.12904338960208106
0.0005587195108591736
0.007007441571684536
0.013129005180001485
0.005008692423901895
0.03331734103720496
0.05827800508592995
0.002807674612373967
0.28216087280145197
0.0007322075520481697
0.048820927295601946
0.07578740523885763
0.016282559194038315
0.02797207075677144
0.08111199516866296
0.08320730031841417
0.02101320042384347
0.06884564190090736
0.0002732333657016195
0.05417116049420656
0.31790919194834033
0.01166557740014973
0.012727006891286807
0.0356405426102584
0.0208939097537566
0.0034220254586629917
0.03892703736305392
0.028435165184232725
0.002764726964401776
0.005383730537374065
0.007538007849353434
0.08269172684257242
0.037461227035092914
0.037909379525524534
0.002234840878870381
0.015735605480332815
0.00412323935745551
0.001603091304640536
0.0710911780923007
0.0023986706029859306
0.26258160852934975
0.00013405712198433228
0.16482673339250242
0.11174894884128572
0.011791371342017687
0.018467608765032617
0.003120860691292915
