0.6767247843873203
0.2728297688823328
0.22608860513950726
0.49210335301690633
0.526023293081491
0.28887149477306934
0.5320834072129342
0.6229742959563698
0.43086709981594656
0.5046912418817532
0.707846210778567
0.8305613775962026
0.680174868732909
0.6089690761502928
0.5351283121085393
0.4769760220518644
0.11478909022106239
0.5596818909257717
0.8329075662485569
0.9075032715330658
0.4695866588140132
0.438088636871367
0.050164234823532175
0.15696602550005956
0.5732841691179629
0.6017590123977123
0.4365422439424753
0.6635822916624088
0.24316218120179067
0.5354793134241723
0.3578544660719729
0.32972282904417366
0.8523392798848568
0.9775893525080089
0.4637959693872747
0.5173097782986813
0.4828167251421356
0.7480008219958616
0.08897088715785095
0.9045191999882967
0.8757019346999654
0.12726951147159127
0.44760247350592786
0.3706160312512632
0.3951999160578741
0.5043204684637855
0.951127486705748
0.6248944016822042
0.7795666127407578
0.1970287402393413
0.023283208098313635
0.7576510602060458
0.979692287020522
0.9913354063365853
0.17338348256421843
0.9325704102337729
0.2834813792306232
0.04694237725115413
0.2570375603438802
0.12309739720152502
0.553901267516959
0.5320999285766372
0.2619602726943946
0.13227676962936663
0.998888689298516
0.7708145554807535
0.06518106681050662
0.424688762126616
0.04581595825262146
0.15165990214540778
0.3689548737930872
0.1936448745434216
0.9894144322810506
0.8827678019473212
0.8419808707446008
0.42803016845542813
0.14113259296194425
0.584163136181449
0.9727420192301638
0.6135779777895203
0.5562186780467148
0.4315109918419578
0.07815916066983257
0.3893454441668025
0.7208610597362787
0.4349083008644285
0.9916682030989136
0.5118923162100084
0.745961298541401
0.438357784691509
0.339904713222021
0.048071791040904414
0.39559596258914786
0.16771750002913802
0.442289944177897
0.1074062088200678
0.13461925711246947
0.35734491327436185
0.7823253008385476
0.3527548563896661
0.43035399656771156
0.4407281673054455
0.6765006466464043
0.2107444214226396
0.07067454673516067
0.9599675812539598
0.6116473047250472
0.8601474335566992
0.6193480022423289
0.3623056519772436
0.9416955678490804
0.4879505146855999
0.4819011009451646
0.7732094664988645
0.11648344326736604
0.7799485274740874
0.779579474408963
0.8050870309915503
0.637605596064104
0.5008127010498444
