0.3490692511288227
0.24658464224892376
0.4542014691136158
0.2625236504822519
0.7105279267038552
0.23457924638791905
0.693319234043231
0.6866089665518252
0.5656885422628262
0.14903702261201854
0.32172483109134564
0.9234935235204331
0.9789840669861063
0.9665818747589747
0.4075043673618324
0.05769767365532541
0.16431613328218272
0.8968470413185443
0.8953300364955327
0.1485512880917315
0.004045671214271365
0.5448031770954671
0.08472615719093105
0.1707829071491672
0.760928009143079
0.24159184089026742
0.3087892098337408
0.42056025596459434
0.96140323545238
0.34263597632154597
0.7207812289673254
0.9475726658049101
0.6363729770705246
0.5687915534065393
0.7993161150327334
0.44333049112637823
0.02684904894485464
0.3010573133690959
0.13737247804486555
0.9341480144807828
0.1545484254336565
0.8098484987276737
0.6389879575433981
0.44076023541225395
0.6970227924225187
0.2620393522732192
0.48311116322757125
0.24345730863760529
0.4897268486342716
0.859095590186784
0.3527890167534157
0.9710440606392928
0.35055333636563124
0.47639582967263894
0.041089993674829906
0.760467950224287
0.7290054916680566
0.4694387993845434
0.19422061422060155
0.48287918623269405
0.3150829951852843
0.8535141434884725
0.41962544270104774
0.17237030399346587
0.9728103687657609
0.13773270508358357
0.20220994120102662
0.01576211400504799
0.7400007735777538
0.7218344149959952
0.8003941097439541
0.6943760038906627
0.5848957920044981
0.036779770819847624
0.5759748913147238
0.6896886146521729
0.190489569592301
0.6475616548661665
0.6243749143358421
0.3863828532698903
0.7465989076343016
0.960891878837421
0.15717863610898153
0.09431244480011235
0.2988367427452374
0.07483687044855869
0.8742557389167835
0.8680814763133005
0.36627356059472416
0.4346813233141281
0.5007409332149712
0.5714595854108179
0.8070113800279877
0.35452216637032974
0.43751362562343954
0.0294116870940222
0.6360262345869767
0.04272015541896823
0.6369240668920686
0.9017647409449706
0.708306746272549
0.6427323955087534
0.673736476410832
0.7699147327310777
0.26508413475772735
0.14576268108377424
0.3149372543861632
0.3145104871843445
0.5359885628642698
0.2827081445885859
0.8868815293817676
0.9485219939872462
0.47547294124238415
0.2853461824082005
0.08585185388401537
0.9251692900715394
0.3300904942850613
0.7790283219311483
0.2944689257421
