0.3695539648096981
0.2813436891799401
0.37560992352248235
0.29147600169240184
0.9786950300239872
0.381816124749389
0.8261761600410262
0.09351543199315233
0.007763952402940144
0.30399164930114925
0.025096006442446226
0.36067689786573753
0.154994734622395
0.8305634889706419
0.3729583861241265
0.8778489997123647
0.06663367672430984
0.6019193920643882
0.45058040966406915
0.8759086337193005
0.6560997543944739
0.41690207156614445
0.4758294732157442
0.4612485928971587
0.18545990354518244
0.416914366449646
0.4893991800840317
0.20124073043457935
0.2537627024424147
0.40463396352256864
0.8147423357608781
0.6647923596305476
0.21076196325158536
0.8995703808753404
0.3962924315398426
0.0741768637423751
0.6778212435435502
0.09685650675958753
0.8789980420550095
0.9176601722940967
0.5359168622740442
0.3401490855055804
0.21458688357148403
0.5702080106308908
0.7644702903183148
0.8591563603824245
0.8634355028165848
0.6506066320330521
0.5333371804848182
0.22997510693827888
0.04663444148046794
0.3503023209860504
0.6965041244333748
0.10510821388325095
0.06183995692267641
0.4488395213617784
0.18032848453674527
0.7059127696869887
0.090551709278687
0.31161270970525345
0.02181041411771497
0.0066721483957204375
0.49904402151721894
0.6565747477408038
0.7165203340012578
0.778474392028778
0.7030663980542157
0.6306589562754347
0.04078226956089259
0.12312039513004748
0.5531094789629468
0.9657051876168681
0.8244523629079308
0.27474962661072233
0.4246019781997086
0.6362211735377866
0.8495207074537061
0.719825281354363
0.3828755048212098
0.5308973791985846
0.7009807593683229
0.6737566271740374
0.42670430237020135
0.6280648971145066
0.1742106629282958
0.6643441670999606
0.9511321189837599
0.4030253181001189
0.33209056756118227
0.2676114185584014
0.12821981013556494
0.6317167912948223
0.32428234143613227
0.07096515507344225
0.14707207693786772
0.580362470451294
0.5734462415488129
0.09896428347875963
0.048032626915369164
0.7041780191245577
0.720523174914578
0.5048478634735005
0.24418166490309434
0.5361022116952046
0.9660749302665907
0.14264263829176993
0.6007704874297741
0.8421086979786325
0.4143873590499504
0.019170082358040585
0.6975750387804324
0.7324988302071609
0.5621344898125555
0.23077073456742303
0.2995218463581544
0.62465356746727
0.1415506875234367
0.9439427435733176
0.624858614827709
0.4380829523783951
