0.166
0.177
0.064
0.962
0.539
0.632
0.31
0.252
0.812
0.24
0.853
0.806
0.506
0.691
0.134
0.174
0.42
0.658
0.613
0.229
0.881
0.493
0.519
0.568
0.541
0.3
0.274
0.458
0.332
0.115
0.854
0.28
0.897
0.952
0.538
0.535
0.438
0.126
0.082
0.803
0.608
0.059
0.824
0.236
0.241
0.074
0.922
0.26
0.568
0.93
0.583
0.167
0.006
0.136
0.501
0.941
0.93
0.866
0.357
0.783
0.189
0.427
0.261
0.486
0.338
0.17
0.278
0.96
0.587
0.097
0.27
0.249
0.71
0.563
0.786
0.809
0.049
0.681
0.279
0.162
0.056
0.524
0.152
0.659
0.827
0.081
0.222
0.53
0.231
0.335
0.466
0.854
0.024
0.374
0.967
0.853
0.527
0.601
0.199
0.657
0.451
0.264
0.89
0.397
0.925
0.244
0.447
0.106
0.651
0.847
0.727
0.905
0.033
0.841
0.581
0.598
0.766
0.787
0.164
0.17
