0.4971686626301426
0.5061500784426567
0.742201925842755
0.9988213368322973
0.12450082628242143
0.9920514571016592
0.13612909394110084
0.17071281074807274
0.12907599069649328
0.5752412544993812
0.6773479699387667
0.27714334648459293
0.011206365098830773
0.44212233686561936
0.5448551004869202
0.8990321734824762
0.8718000303139952
0.508546185741777
0.2703860515345511
0.7124702509897485
0.39191686015197735
0.7674256668869512
0.18483083176052711
0.24461139143428112
0.6182089929194629
0.5633382054129425
0.5020402784001912
0.9264624396829844
0.652595836513174
0.23968895365458368
0.843659178098215
0.6685139087853431
0.2791908437440198
0.4983559609844468
0.2686508791595588
0.005412791302567221
0.1497776898408707
0.9532744216012299
0.6762277011165851
0.1832207736170687
0.8124122909754863
0.8109975419467035
0.15188956995225378
0.4399660763795996
0.06464182474577518
0.041411160087316275
0.22044571831830484
0.7199739851791266
0.42830188279320347
0.5086622663161724
0.2469144152383905
0.4358783806421771
0.5248162347219096
0.5360474709805212
0.28682839800325977
0.3355922752357945
0.6501866995614094
0.7305846780945336
0.05561669006504477
0.2576220667012272
0.020402655879209582
0.10053975131763328
0.264236350661724
0.7093955437974672
0.5442056865895006
0.5625533680118189
0.020484887914812924
0.31601963511625275
0.31940548233087473
0.23645828648657466
0.9177695467287036
0.7430728755763698
0.01986134490797444
0.5409805676353525
0.2637612606980087
0.24703443853843576
0.6978944911136482
0.40646445596489067
0.7115808926999139
0.09608993470310691
0.9181923617404174
0.8804488533306292
0.6461028065992732
0.2516032283312583
0.23576761369147547
0.07756655288859204
0.05388325431023514
0.4731070020335386
0.9530476698430957
0.8375442418344565
0.052857668942674754
0.0993170727515238
0.2057984576021088
0.173226275438844
0.09703502844589806
0.7910991416848184
0.7439862882336814
0.3793994284183415
0.08046016607066009
0.05353541448747179
0.7976765977987398
0.04930267141180672
0.20979286304779202
0.7377468088558008
0.3256934005736669
0.4762643355927205
0.9794018956583512
0.40641033362405965
0.09964964938860454
0.45791456672613373
0.24748923998048997
0.35411684096354046
0.5959125729376721
0.479623509542374
0.34632721401780775
0.4925006955650482
0.6161822891802249
0.7413092555046725
0.18847295778258713
0.80811734120616
