0.8340817193854737
0.5887314809512821
0.05321445244435541
0.24248577471646499
0.3918515971288226
0.5400032560227241
0.2745600398780391
0.07491005410233781
0.03912682638899789
0.36547933379844666
0.055539584533333984
0.5663003768584692
0.25836248307746756
0.06568900615516737
0.4591364534999971
0.5617722564500234
0.14342876479089486
0.09145640323872906
0.6698145658934064
0.0938965124320712
0.5089873792979172
0.25755595602782655
0.9081209589954473
0.03518849316578738
0.32356502727468883
0.7517174765161811
0.3045666594892379
0.051913205965657565
0.1143784290261072
0.20595995509299211
0.7981048495455997
0.6387021895347186
0.9306571306967584
0.5755311638091393
0.5066282938788252
0.8576121372739012
0.427104176351782
0.42839554010819514
0.08718065508505157
0.11771935466801353
0.8187731586936754
0.6319619048662882
0.07703689304918138
0.03371376065795947
0.3632505226792151
0.2899176923321957
0.4398912525108056
0.7921619092146008
0.5466943191913713
0.9466791354636324
0.43604914489431534
0.7078974035951602
0.8383363942373676
0.23367588650165372
0.9374797841731259
0.28268317452851077
0.2936976362736019
0.2775665542296186
0.46659062317363764
0.7769690234145814
0.8167113319247998
0.09468960334578458
0.33218443322158375
0.8361584814617046
0.6132255635292572
0.43391645214410307
0.7033497483399659
0.11757385749730287
0.4026663103748569
0.14616503846211226
0.49835148382867334
0.06868765888232464
0.42881492195030013
0.8924238314747311
0.6668643172499769
0.9419011718990676
0.203124628958178
0.06773932837147578
0.2614563325878057
0.09597738428535219
0.7042176042228252
0.08303396318985427
0.8627679935408243
0.23970005705830866
0.9161833785109292
0.9692040837224619
0.0823014102914057
0.4500856792661155
0.5265031149546152
0.03798039431805815
0.8593319752992472
0.02815581585452839
0.913790740354631
0.35587624623889536
0.5130819691625118
0.7470794506822916
0.11796790493722388
0.1871148032797505
0.7840341232597439
0.21412575760542385
0.3118308095062626
0.06231399680541691
0.6187473477794362
0.02417782345686961
0.0318586195667977
0.04110313325631082
0.9501353937716907
0.7038357548674866
0.590181452669537
0.8195030415321229
0.2298666024506874
0.7082635389309524
0.6146598440240958
0.9607822705617395
0.5999453912062795
0.8864841253146094
