2.1884831726826093e-06
0.0009677324354253614
0.0002423439245702319
0.0027985949746842653
2.1289828025183866e-05
4.664414359867308e-06
0.00017287292714085467
3.6800889446908513e-08
2.4969616005954265e-05
0.000700624356120505
0.0011692119023167802
4.458504285320686e-05
0.00017850470264324514
0.00010712670439994021
4.456172544298198e-07
0.0040050875804691355
6.138107703268503e-05
0.00031301066352895646
0.00010628300550874492
0.01703693769046466
0.0030817361495085738
0.004818878513977332
1.8036950575339716e-06
3.308649132449659e-09
0.0002049580322649458
0.007152837203824092
2.4056750813183925e-05
0.00041704972160605536
9.392374245731361e-05
8.028439751894823e-06
5.654203624194665e-06
2.0387552457146185e-05
0.020492510793727048
1.1166542648322064e-06
4.291597032413108e-06
0.00022412495520129916
0.000131934678016421
4.020415887540096e-06
4.3516717739944255e-05
4.406416874869201e-05
1.6610606889955193e-08
0.0007050364205967163
1.0592709487333707e-07
5.587223906888816e-05
0.02138066329584576
3.9819536334917416e-07
0.0024388662862182553
4.0356555158771457e-05
0.00016792583261948657
0.0032202128539289276
4.919450291418492e-05
0.0030317822015690776
6.415846712792828e-06
0.010907346276007646
0.00031622630837957466
0.00016736294532315732
0.0002511019808995041
2.224939338901777e-05
4.0437940607152e-05
7.597478202114871e-12
0.000844877181978676
4.5307976859199073e-07
0.001700937785329426
0.0005708594260911415
0.0005484920117797554
5.201606672056158e-07
2.8200764359942454e-05
8.852038475559709e-07
3.157984012069903e-07
0.0003360733980906083
0.0010689643324475195
2.5844508777517206e-07
1.9758515068524218e-07
0.0014593266039133468
0.0027897187440395488
1.6249473389073898e-07
0.00023701256276353888
9.62606818233347e-06
5.9420474297411374e-05
0.0005106393943534737
1.972593766552677e-06
9.89340024637464e-06
1.864228171832849e-08
0.0008895465070226649
1.8324033979055798e-07
3.116047420093082e-10
2.264694790365951e-06
1.0886744366223056e-05
0.001332753501920081
1.6055594431740872e-07
1.0872978499776309e-05
0.0108034443391829
2.9518644195647425e-08
0.00020487832755700097
3.2884050102932605e-06
0.00033456012670018964
0.00048749145978566055
0.0001546689751279473
0.0005383953754685145
0.0015676725688911208
0.00011650604233137685
0.0001755645586467569
0.015581184006048243
2.6126039665008705e-07
0.002363888142532078
0.001203041389924886
0.0010274369299696495
0.0038642787107177057
1.6417834119986097e-05
5.789544399448232e-10
4.034472238467757e-05
0.0016560933490310514
5.915085057361935e-05
0.00010441760723822746
0.00010371599912395446
7.94696854831134e-05
5.287406470433353e-07
0.024168138317693044
3.448650417681165e-06
0.0005409195138612599
