0.26349057437483925
0.44207490842109265
0.25023388824649356
0.43300192745804145
0.5399340700523101
0.9667862483238798
0.9265040429264968
0.7549396844793872
0.7201459376698259
0.7327036864993088
0.346317007769886
0.5300661937788886
0.8994117887062163
0.43284712609730014
0.6994482553564954
0.9028695181190851
0.035820242291010995
0.912334350419121
0.8581494514841834
0.8154806261268968
0.8909192683894607
0.7489442608089144
0.7859324316881069
0.945600057399673
0.4156174172416178
0.39933599508759055
0.6965768006522823
0.10398709423757047
0.4980014660658101
0.2774237896196543
0.25239866352532725
0.5025308308176033
0.33526560834239794
0.0754712117576089
0.18630764112795695
0.7093457592147534
0.1560072036707253
0.16483078051613487
0.8765989949835216
0.546730076729993
0.20986492398448098
0.35894955775783255
0.7025809429965659
0.1486832040995869
0.9839022844374057
0.19742259330284728
0.7953829518351254
0.0020665174427486753
0.778871638178904
0.3511943291564803
0.39675001335741067
0.4562773277599081
0.4949961809646799
0.309026477255433
0.9396939977050159
0.31243164801953505
0.3303016176201139
0.44082983657500385
0.1132581012468663
0.13477394932057418
0.275661411626803
0.9816252817503257
0.21250372123942587
0.6229062129767255
0.27883914780280117
0.21361940704482651
0.5362521759063782
0.8818564860369003
0.3443489691689332
0.2501850832488024
0.007292093180022663
0.6821456644247008
0.7190327939924408
0.5058522257560081
0.25298722002597285
0.50852629988856
0.4779749244391298
0.015373949797244654
0.5242976402542578
0.7615314663528614
0.8731132682262586
0.5714870774832612
0.029732657299944346
0.3425163205612059
0.2155707714904042
0.2738484543974349
0.33642510552817007
0.24917486070582262
0.162527347046738
0.5138838424802706
0.37678902881343723
0.8646913177902036
0.2593269585991864
0.5894924504342784
0.9004311490535384
0.7326667678206604
0.9322659192166768
0.0837704696433845
0.5895978264798113
0.30419185570600965
0.5764271018161377
0.36122349349189253
0.47997140503619673
0.5906586919148479
0.9404863681701109
0.32405982931340205
0.39845110143874996
0.5165946886235855
0.5733323653333765
0.8063231222542062
0.21770163034663947
0.7837407261702616
0.3872461091054852
0.36658682334511106
0.07598896016382684
0.8413936705363518
0.3160929400743099
0.22864055239917616
0.8906809948075456
0.37243180173036156
