5.460436505178023e-07
0.0030483253542687994
0.00015354057096406137
0.004388341680285901
6.912070005249404e-08
5.8339942502705355e-05
6.733210853315796e-07
7.5757081412497485e-06
1.730680857492395e-05
0.004464866793814082
0.0008933374811652683
4.466733195096495e-06
0.00018947744567787694
0.006213900159373953
5.2336484254844606e-05
5.9622699253303324e-05
3.7346838044349795e-07
2.4830277740583995e-05
0.0005239530859928454
0.004122613445886714
3.9011091204743664e-05
0.00012566282347803437
2.2798323628947514e-07
3.984368390774762e-12
1.7023935150461966e-08
0.00703166833599278
2.405614065281725e-06
6.843921459065427e-05
8.376513949137632e-08
4.3808349015073134e-07
0.0003609219055480395
2.265312918359186e-06
1.60576541938795e-05
0.0019072789988234806
0.0021419008132699258
0.006588269986572248
6.392285784895257e-05
7.33564120558583e-09
1.1082256303751592e-06
0.0010177735833989399
2.764365851781747e-07
4.395477302132633e-07
7.124250988699288e-06
6.60082443038057e-06
0.00321710660930119
3.2742583311318185e-08
0.05564169555142873
0.0020514334635581832
0.0001911102258573827
0.00046527765045856206
3.7877955927356766e-07
0.0024886651603746035
2.6740753973131248e-05
0.0002691521911433181
0.002924481922041533
0.00128888179668607
0.0002603107687906281
0.006365235396534663
3.9295454046239797e-07
6.33793240112368e-10
9.238184695004037e-07
0.00016170808325588482
2.0975242683851647e-05
1.8279066128279453e-05
0.0017285890043565733
3.3250136644014106e-08
1.985116497715822e-05
0.00010452714200037683
2.3009912269778e-05
0.00029744908610140897
3.374426293722976e-05
1.4978915692243078e-06
0.00010463196009768971
0.025425512423968177
1.2224274113181721e-05
4.3648179768318585e-06
0.0013784676187389433
4.72487311498071e-08
0.00019984724596633363
2.2098345375809458e-10
2.131888469514287e-05
0.0011075925237959972
0.0010763057482601202
1.2186130870173173e-05
1.7826237714846371e-06
2.6733026903258406e-09
0.004574506343755447
1.401868259032213e-06
1.6696684905781467e-06
2.2693193103107134e-05
2.931010980278259e-05
5.371504956386275e-05
2.284001032748506e-08
2.532201044846971e-06
0.009929945397357365
1.2779618485669886e-05
5.551789363344994e-06
0.001012400839268457
2.1024673602099142e-07
0.0002656238559699542
0.0002641976718549266
0.0004051997899274795
1.4612724141827016e-08
0.00039481032317789655
0.0001642840922073674
6.847784876917729e-07
0.00012044872032435094
5.188641432507524e-06
1.4211689713938824e-06
6.852331045559268e-05
0.0003436563710494944
3.9777419015063487e-05
0.00012059566751121409
0.00037714396063792677
0.000292707640758616
1.8235510270248056e-05
0.0034180885959238516
2.926141919878944e-07
0.003272012040220984
