0.6378435911501754
0.43986014831823644
0.08701517084670819
0.19517659737707407
0.37133980812410883
0.455068130078818
0.6149846780586041
0.9852426145598134
0.22045694345849826
0.6988249107736204
0.22199065962802367
0.5777024847511092
0.10917954547673436
0.4690938595019616
0.8498271455558055
0.2043632765800294
0.9208385985472869
0.1463706775812843
0.014725600807113054
0.9612343928697794
0.2774490158215521
0.47028001900532734
0.10728150509645173
0.19702203273436347
0.7489716580245112
0.38195239100783396
0.7050699170252797
0.5481441401565668
0.4813511092946785
0.3895227888744239
0.9923705513713845
0.9970449414291076
0.9888053287217917
0.7582873790117692
0.04969644911302458
0.5864476693629396
0.5433164444723703
0.5227135219633678
0.3704065396184417
0.9030422592311004
0.9479516442974807
0.6920432482385803
0.03908582108196135
0.6460277195061672
0.07558474225723354
0.9094401776576075
0.7660189599476855
0.39208093884409917
0.3186245511556151
0.03048764846029678
0.8448307894659803
0.8543083527800648
0.135230648053682
0.6085777303800541
0.9992047833946295
0.12637176143200748
0.05333437567113467
0.878887718320764
0.05845771756533641
0.2795791853775085
0.1742675785814094
0.060744252935917814
0.41564403351288215
0.44554436596381675
0.1216069194401026
0.09372329384475056
0.4679787580913686
0.6929241481568571
0.44100517384194804
0.8088590911265552
0.8877340615724123
0.4684569496243589
0.36145306311312264
0.1819494468924476
0.19342411745452065
0.5901429116411236
0.06014303864527707
0.19204025745148745
0.4128426675017168
0.5692449771384823
0.1791539369812254
0.003849722754380665
0.6663599681448342
0.21018956924708881
0.3708990865963766
0.565374883427131
0.26339044864506045
0.6426574426005016
0.302254916096071
0.2892272345982654
0.5880692967849344
0.3434706584974866
0.09633621631596356
0.9514236357918027
0.885829924400721
0.34526585206837285
0.7972506925924951
0.9265441959820114
0.6108369465028287
0.4884687133489529
0.32665600985250315
0.34237910777436903
0.6311826753971912
0.8530674261435733
0.9575448931010818
0.1018441813495857
0.8272646115913226
0.6138896977411374
0.880948033010772
0.1204697077841075
0.7295176526712923
0.2317594451543115
0.679253369335912
0.9561565043137077
0.37961345381532524
0.9045451875577091
0.6059749516586878
0.7671834706998085
0.5382461411098797
0.16179716888847318
