2.525689783983154e-07
3.109279767987694e-05
0.0019712234027433606
0.004520852384643392
0.00042390382458301623
4.7366188415942645e-07
0.0016429528637975643
0.0001602448736117701
0.007948414441364626
3.4056504047974556e-06
9.41152353999275e-05
0.00018293414174941347
4.0947479562625233e-07
0.0003407126289174389
0.00021458064149726397
0.002518088708861832
7.20912709528676e-08
1.1429555722974882e-05
0.0019410157294876829
0.00013966501685436228
4.324045566050927e-10
0.007756445640739074
1.640791946755371e-10
0.0001851420329963549
6.061431796045014e-06
0.0011487734937507543
9.598893212725557e-06
0.0034660656538794132
1.5342416226360456e-09
0.02353423956246159
0.0011502406676586752
0.00012965609622606067
0.07004842523570809
0.0035506872198314277
0.0009358720611278848
0.0006254378003038852
0.0003400782517297696
1.4115089097543887e-08
0.022643671072546834
0.016252314391629774
1.2745160240079656e-05
1.4754636534775045e-06
1.8622903441567473e-08
0.00010569373847313379
1.771894948543462e-07
1.7009706036574812e-05
2.2617256750123715e-05
0.05319491718189728
4.8150022800008685e-06
0.0007292646569243555
3.075268841468137e-05
5.4699356103249386e-05
0.0015632416615958267
3.6893737933585413e-06
5.226107141975689e-05
0.0037003211362067745
1.0542547037140082e-05
0.0006123770610562129
0.004741418755528803
0.024566737892596002
5.387553332369954e-05
0.0001500138411525409
0.009978994830978749
0.00010196019078501095
4.54349439071855e-06
0.000782032477270489
5.9116112951507205e-06
0.0026535954625519498
0.0002024267289069126
0.0025075587161227375
0.0005669108973909154
1.3307618844438096e-05
4.025875391278078e-06
7.208381545642517e-05
0.005892348187928942
0.0025594119049421327
0.017133245551937737
1.4885101720762961e-05
1.929954410284651e-06
5.677629039357868e-06
0.00016503596808115084
1.5411018809974308e-06
0.17312614182533448
5.5310644590411684e-05
1.0602240033463772e-05
0.006132220696915214
0.0008879705123701065
7.952096871965963e-05
0.007008395551039381
1.7184088917820972e-05
0.0006355683693817227
4.01673824457216e-05
0.0019238090953739295
0.0003642022081018492
2.3989073303365416e-06
0.00261187282343478
0.00010986148027991582
1.4015641069953233e-07
0.0006043077483783854
6.530946006888527e-05
1.6461021572489187e-06
8.600914047640629e-08
1.6279490644421912e-07
2.8836044663194116e-11
0.00012533263777725345
2.6658330565254573e-07
0.012459467863181528
0.0002546557205176381
1.2788899963478428e-06
0.0012008295681709136
0.00043695720848724307
5.066867893255278e-06
3.067562225123055e-06
2.4433594583150864e-05
0.0007868336452483415
1.0111493030651175e-05
9.530460198803326e-09
1.1351497732015048e-05
0.0005095090754556608
2.2419180290000895e-07
