0.06970201715315434
0.9780945173108365
0.5914660443986162
0.1933638807565745
0.24216715670888844
0.886874825203627
0.23218713936918312
0.8684437463423309
0.642933887141422
0.6856724003732141
0.922901597781749
0.060648360425113394
0.7342918238830154
0.965666774988145
0.571968006490323
0.5361252532504724
0.7311124393468325
0.580674906547789
0.6450230123848654
0.48863383804249244
0.5243315211633137
0.022892964874895637
0.5577709046845554
0.8874044346727459
0.3259358499559057
0.08984586288583207
0.5696881959195381
0.44276521112590544
0.19067576259501795
0.08995204907616294
0.1907797871514758
0.2584135020179046
0.6446368681815904
0.5400390975932925
0.14684406295133065
0.6245639147941827
0.26638232079048585
0.814031327797754
0.3909881503559822
0.8860137348865353
0.40958018672690033
0.7015472134611553
0.917186865723656
0.9858159728806409
0.01559519974063206
0.26714297523229413
0.32434723076908656
0.18984267208910444
0.3312640355735753
0.0007365050141221463
0.07242844659322369
0.6825689282478444
0.1180932510755855
0.43510768060244787
0.9648167069406082
0.4153100460631063
0.7155522541490396
0.7997402207863653
0.31928954774693935
0.5415676784364525
0.8214296431141459
0.6425400863460167
0.4767091287186609
0.5926512667791999
0.1861183703676843
0.7311947803240852
0.23876190442238854
0.4803582635215491
0.6394970576826025
0.11742690554985202
0.6239963257314409
0.495806145301283
0.6101144949590429
0.7258068795218486
0.38831898117515706
0.5964099323772778
0.8904092219390294
0.7934758214043798
0.4574023436824606
0.1389420812159352
0.7627874202800418
0.721669475476298
0.6123527454030888
0.4071528180291826
0.5079141558598151
0.8359660228770933
0.7064133009190248
0.5385471128744672
0.48256998083851155
0.6438400591481486
0.06929863882228282
0.573654369697223
0.6741388933108716
0.5111620963769945
0.34228704649893116
0.34828269524292105
0.1565864465398321
0.21561344599841356
0.008093360171700885
0.6572344121135245
0.24456794349660704
0.3031157465396368
0.25951120439400777
0.6009469829193137
0.09102474197473587
0.9596063398294371
0.9195965881733114
0.5970060073973058
0.578348636548725
0.24214415023472532
0.4774425034312727
0.5644320735452701
0.5271326694187488
0.7439635236448259
0.12960885923205367
0.045514620216441606
0.5486020245467385
0.27613476063832487
0.19806995511727848
