4.735227093677352e-05
0.0029627077359861698
0.0014809186676847386
2.917156474468996e-05
3.6258893665319647e-09
1.013868503996207e-05
0.0002694609467885911
2.8105950899970367e-08
2.0956212765099735e-07
0.0019467973766331692
2.715550146970003e-07
0.002290131676892182
3.2862601528904634e-14
0.0035936080281411265
2.1671343164442192e-08
0.0029940225909426132
0.001425774535647406
0.0047238161049774074
0.0005112748174933568
8.960624353804292e-05
1.305078543745175e-05
6.845652187337237e-07
5.905410938722433e-05
0.0018805523455418527
6.497297153629233e-05
0.032502389507675256
0.00019232928682932915
0.0006060481843495058
1.1596438742600412e-06
0.00408468919762961
0.0012784994967576235
9.374820426621966e-05
0.001663399605901228
0.0005516671286498465
0.00018825963203172869
0.0013421970723073162
4.30529774952948e-05
1.1468636929024001e-08
1.5661636478814245e-06
0.00011219763921399561
4.957421920881444e-05
0.00018870872815601736
5.865861513920656e-05
8.685981109923802e-07
0.013270738583684327
6.420981524257741e-09
0.0005989109328479181
7.465745977563998e-05
0.0012790516610852176
0.0007558649825274433
2.231218438231153e-06
0.005822716279213491
5.517603981042285e-06
1.7069303748229459e-09
0.00017388556681074974
1.0348389172909478e-05
0.012192821908098228
6.698731749299469e-07
7.111377595903079e-06
2.2602398619397945e-08
4.760008097237645e-06
6.322857664953219e-05
0.0027079329535060204
0.023021831670990034
4.2942611929719376e-05
6.159528023186311e-07
0.0007370966448616567
1.0908698265366112e-05
2.8803937013321956e-10
0.0007260606151375804
0.0030152836770498403
0.0010278955081901575
7.714824259119624e-05
0.002903238448992429
0.02323097922580697
0.0004295186871476897
0.0005324148670184936
5.656508839102514e-08
0.0005774749744980046
0.001432667105218055
0.000821334600249024
9.929326640900626e-07
0.000520973216802334
0.004086184006964366
2.888613205964674e-06
4.376718958010173e-05
0.00013690130279031543
3.599025349165785e-05
3.05891962075755e-05
0.00013409944483089298
0.0005531573249319965
0.0004680948362258963
0.00017761444604702525
0.000526742339738151
0.0001455771936211825
2.0218247829717484e-05
6.889543967636413e-05
0.0031823709385740973
0.016333111397378808
0.033865812057933375
0.0012890369230564858
0.00014621841937501046
1.0699281981718656e-05
0.00022452870753086884
0.006055239803423262
6.366117064549037e-05
0.0015272447070970863
1.9692263324433412e-06
0.007922039242059808
8.562540308343358e-06
7.511189427988896e-06
0.0010987154267709798
1.2067618715416728e-06
8.693708863916072e-09
1.8716877719704428e-05
0.012497581806739433
1.5427033862813744e-05
0.06324470496061729
5.840613591390209e-05
7.357190945467273e-05
