0.8360336725067498
0.45217373311205655
0.5931954599932107
0.23117097294216915
0.674942860069306
0.7988151386310374
0.9348915462444262
0.618046218723882
0.48192318608419105
0.5295305040136955
0.7335257354686242
0.3407735932172997
0.5877591244049107
0.7299935524431467
0.06880852629979683
0.13718002937208937
0.5034662191413695
0.9594958551198084
0.6439677967322741
0.17237917846650697
0.8208999031832265
0.2574537230483733
0.9885221804177546
0.8587662153983624
0.2008663859737676
0.7399260092293367
0.6177284273560626
0.6700602837717703
0.890343994824685
0.43193268719525996
0.061297617458946047
0.3543159102638538
0.5453493868826846
0.2682789857223167
0.874822363150944
0.9929902612284469
0.8187130175554493
0.9460977043038342
0.4708465865354185
0.939724019770714
0.3803233819765269
0.17214062166769234
0.5867423731907593
0.7208753345220962
0.32387026373846206
0.6419648124036923
0.4100949411617619
0.28220772052239607
0.17665718970191727
0.8017203166965985
0.9978438291714199
0.8324299516212699
0.007100806205780685
0.42282238310225073
0.19115480311404554
0.7572534777387145
0.5124527499776046
0.8597765976688115
0.24122755368853754
0.5880862113610236
0.5019919289432014
0.9534263075909591
0.9924774426928737
0.2984004262878557
0.83762544431591
0.8006655959686364
0.9699040656946112
0.7157501179540149
0.944747068846998
0.1178624801828596
0.8369078151964737
0.8840650802872174
0.020054364254474873
0.9260895158830629
0.18348414167751592
0.12719422018631943
0.5074910697343807
0.5894610656241535
0.0872743074234775
0.8597473693504118
0.10575646285661283
0.47767723204018764
0.33102263170676427
0.7693252034943066
0.34447592321121845
0.4606647231093537
0.4348896790089168
0.24262768866277407
0.41866992334906783
0.3503000270068495
0.5466757921928174
0.09286158837691799
0.0032567881282519096
0.6088129655194177
0.3476423458406501
0.11704869336631935
0.5326588735525679
0.23823669994685692
0.23736116469771007
0.7204701494658312
0.5038489875502583
0.2798715356276824
0.38401760148621333
0.8352723943271951
0.52142479424952
0.17885720710528266
0.13456824159519654
0.5081933702607648
0.38540427694693924
0.5502066176450405
0.8316426906096791
0.6562234935787832
0.555838406614366
0.6107305905696626
0.9340144264000563
