0.7387748833594544
0.6495599822479657
0.6232174295665338
0.7966322929725271
0.26220227496189774
0.5611238990409735
0.07276176767903128
0.6491443709383004
0.1164441166863682
0.11894304827160827
0.7038349023183301
0.046389420934218606
0.7920935175685269
0.1620056674028052
0.12597746067292603
0.01734287814646017
0.9955159560928211
0.24989850873774921
0.21099810953004017
0.15046044462495156
0.8632874855506756
0.021376918287878244
0.9971859849138816
0.6115173718239776
0.9478705881251628
0.2506682241064644
0.029389067190022544
0.5160929149170065
0.7708549661380643
0.0652112226673708
0.9898486806414208
0.5740674572028951
0.8397534296613417
0.9338076957542926
0.05646549663549205
0.29696482376650246
0.4499037040016032
0.40158378734728173
0.04803684402286095
0.6411423663131512
0.7094670437618937
0.32974126205285237
0.20199145704109628
0.6526524986544677
0.24382334918417972
0.4976534864284561
0.8561052002187219
0.6559229906408819
0.5896687613217984
0.8032829302772722
0.5664792493516015
0.5318967357684057
0.610977256104756
0.4965790720265775
0.6586013885695676
0.14095765702820762
0.2610506753565026
0.2781179159575353
0.9415539149477321
0.15381074432734132
0.18407542486345485
0.6108912961712875
0.3084736730461215
0.4318755972494981
0.47758190983374194
0.5414266547842166
0.5979294444158179
0.6076399080491284
0.6638559271177029
0.08007684274078675
0.342558980719871
0.16786294685222414
0.8385682020574504
0.9300364485055541
0.13500969955624864
0.4093074338133831
0.2814026854997793
0.2821135089124594
0.3241373313539611
0.9725482330865441
0.9035937830867766
0.1300627934144706
0.26276674381984866
0.2480916973225723
0.11760235856224009
0.4908115220493175
0.9883554271980127
0.7331043895622072
0.9693621694933052
0.3316625014183423
0.4568114759227475
0.8197881293775564
0.1865930002682461
0.10897056403914956
0.7995880398800281
0.15568336001805627
0.4560664962341612
0.7963478468919456
0.7963697816938342
0.3766178326175851
0.33545628624093493
0.11078268923270906
0.8769167194492722
0.4942272359566539
0.6705547766237704
0.2653517769443523
0.17323698442078686
0.48585421828276854
0.14582249677575557
0.6342590274705943
0.28673239352862123
0.7908491603770604
0.39763763854690204
0.8472617980823319
0.6612935142456294
