0.303696103286745
0.7642613868738086
0.7293542122156236
0.9162945065162252
0.28796398429508097
0.8968962949570616
0.19311449163083796
0.013657639330750593
0.0963631719670098
0.3816165938699695
0.6097913690609779
0.9000838917801942
0.8072982286352169
0.6813231697605004
0.8311354141209637
0.17568990343318788
0.4259868995543836
0.009182166552978765
0.6457516244165664
0.04164349218140684
0.857889743894716
0.6659366831246925
0.2025877298797778
0.15007281746801882
0.2372493651578096
0.6981857071598361
0.20358358414201988
0.6098239797002978
0.522208737783304
0.6375983644180601
0.8406789391707139
0.5497238768099768
0.14646711821461983
0.3550447306197774
0.11631250468142061
0.031383900260447545
0.7544143369859045
0.0541050610162046
0.93039346595597
0.9791473936407195
0.9849028971149492
0.7134775282615751
0.9098500968780673
0.9104735616990234
0.19982690822313987
0.8699888524228877
0.14405657863945293
0.250667919631424
0.7636963203966954
0.750481192425476
0.5444907012504011
0.8669685307258393
0.5506493728272087
0.12392216356168374
0.7801610708604323
0.17722621807332067
0.7239188913457903
0.1280555173674852
0.1783093798871844
0.6659830277523757
0.917564222637246
0.2856262893779809
0.05233103488983695
0.884643830614364
0.6361996141573681
0.5968272476144769
0.7518681635381791
0.011615796809506163
0.15550884535074222
0.9778182233144643
0.14378906849105652
0.4017038703453211
0.7228580131136612
0.922717085528656
0.460550082063635
0.0747391337950698
0.3522607427782018
0.8857846859573333
0.9705630362461473
0.8233919327604137
0.640689494226526
0.7624765895504992
0.7125986335046106
0.005122442105157187
0.7592259933690624
0.8313250655558362
0.7971271276928955
0.022505487820795755
0.8977073592649286
0.015859076236536304
0.8499763211352198
0.6915488787318208
0.012225461553768661
0.9642918191258396
0.45703315287380675
0.03166683734724929
0.7005340382002339
0.48057957129528295
0.258904187566531
0.047521274179563026
0.4578400191853489
0.28314117364018077
0.75545853567696
0.6470215654956581
0.20051128335670987
0.937754397907454
0.06805100200642089
0.15439784772094306
0.5761512763007963
0.7368692571009631
