0.7922642691471684
0.01489920344864104
0.6208620550721089
0.49886713750705036
0.133411618593128
0.8831711285254507
0.3832402315945447
0.15739923128462063
0.5519480157772829
0.22119955953169868
0.05141437445290076
0.45739159223735393
0.4233384457522149
3.6189599824210106e-05
0.0010698114134359837
0.2744899974368413
0.030840918611758417
0.6241624874478469
0.9363713690297627
0.8992814957114281
0.4158210700829815
0.7363767249486388
0.39651846798455437
0.001727740908601838
0.8629765207726081
0.8511064200185136
0.00474440736860271
0.05527899953058624
0.3598544261375203
0.16540127028015328
0.21478185444083642
0.05653124839524204
0.7638634364306849
0.49065837380483246
0.1961534512796018
0.028580498520911046
0.004878000524778825
0.5132910329762315
0.9738531634444505
0.8000234914566531
0.11826597676399064
0.03310702921323205
0.31614751580434697
0.6192146499077287
0.12371766079861413
0.05670225070692503
0.4864844833711177
0.279492956484319
0.054860030512437374
0.1880019307761731
0.6359437014413654
0.8909828709454032
0.9338382892228205
0.016862039549983443
0.10285542921721347
0.26067019157998694
0.11022498158603056
0.5481719620522365
0.0545223589118522
0.6297563283659414
0.10664295727122464
0.14340342690780705
0.4093422823857522
0.22707370286184347
0.26616323190160784
0.2740983963973126
0.7055964835157542
0.007702724382486289
0.550027734593115
0.6363569697807177
0.35569214632543456
0.02653371770806401
0.2064162077081582
0.8582193170571576
0.7649040230698538
0.008417378795470887
0.5317252004914268
0.8157623355304804
0.41669369064362005
0.6197121169245539
0.481062955365783
0.3356872367352439
0.3264326709732902
0.6139018162556604
0.1207387714276611
0.00411160102244712
0.11534125689423091
0.40205265106174864
0.019239529601440264
0.004000257776911154
0.03534112685886637
0.6709596035615155
0.0008784125255409947
0.004413532032437439
0.039300515881609766
0.24593294209829292
0.8786330587046239
0.5487919921753218
0.35929596332828506
0.02014984729263869
0.4413964726624802
0.5700079487620844
0.429472287846905
9.107500036353855e-05
0.08681995198324244
0.37502007457338227
0.38228648709091173
0.3071249682294257
0.8472759372413472
0.5816213940372992
0.1263326014848838
0.4111972737336478
0.07059634459244651
0.840652427355626
0.5565138050530253
0.5609033583559487
0.051634302047487424
0.2769908247666262
0.005247296617896469
