0.43833565653087003
0.8396146594780645
0.9732909834511378
0.8200310231015951
0.2409316952824383
0.23325275940272164
0.8810750920005289
0.1594388276374122
0.043209607919455495
0.5950975078538598
0.06980522808122114
0.024692964293672404
0.7155281715823154
0.7730525229572317
0.5367278401955895
0.9771466849461683
0.004344779495716322
0.28043155377686246
0.6294886743325656
0.05003785718913156
0.9257170871883311
0.009967379367211926
0.5147307801939447
0.1782218601939527
0.6402993347088974
0.12578495158288705
0.23743142137925566
0.10912197428830028
0.09963856808862026
0.9976877039712759
0.04614996307510055
0.8759723888434581
0.5237269171934357
0.2530766182174231
0.7481613194128872
0.8847157045479641
0.026340216524766147
0.080989297841964
0.34622675037704875
0.06045170822375501
0.42959596190082294
0.48347697832880576
0.4909333880979794
0.11402931185795273
0.7381067747573877
0.4395509477071513
0.7381396969233907
0.2093197936437764
0.9448193930444558
0.34224269967056764
0.5856264138543292
0.10085734528670542
0.6010720803410592
0.8743629323493511
0.7071106181827282
0.3873149787529578
0.9564685643828157
0.5641859348186218
0.0716092565726083
0.2866942362195272
0.8837118246575801
0.00136454150860436
0.9397779061625315
0.05969944764820134
0.038179517426198295
0.38935577489368844
0.23556315626356739
0.9588649603139078
0.19123038474081122
0.4041974829049988
0.02949217925787151
0.3346083427551465
0.2317761684742674
0.8516094038954014
0.034895153697795056
0.35796618851646245
0.4139712364187327
0.287017320357919
0.19805693153558646
0.4628174994409382
0.8954954140257401
0.36179919727424603
0.6662727589541211
0.8318157776803463
0.8565358833317178
0.9957543982413357
0.8953840870994183
0.07093999809345641
0.9378379166850941
0.7855360817820722
0.9342302645669749
0.22495222127765468
0.43504473151412937
0.18144792024720213
0.7662737809070495
0.4107691147534691
0.8006183550637618
0.18538486225271567
0.19631158301519336
0.01396818978459513
0.000840112239483215
0.15508102487088138
0.9771011847922902
0.822641840490395
0.9589648213074704
0.31948936671675865
0.9361964184286079
0.6120695349077814
0.5160406092044165
0.1438864396506756
0.6363682957326681
0.12138918387138764
0.31154108323943297
0.07268883475368404
0.6218362111718649
0.01984089910748499
