0.834867927332324
0.8674358957755355
0.00826683444413813
0.7550833061273423
0.32478068186711284
0.8248054759005905
0.04960598476461353
0.2208621504231153
0.7287407676473905
0.7312718378094407
0.6124021384369673
0.8673245831156716
0.11915727375379608
0.9998235887466254
0.2880887090525801
0.8597927170613371
0.19471515694599373
0.5374656610716433
0.4379826158525615
0.1947937223923213
0.6368429161404728
0.9834936679407709
0.09015897210148593
0.5613382474410481
0.7887973835379258
0.8230101779955483
0.7055478945769028
0.013691085865399097
0.4714468574377144
0.49307210394181955
0.35950719759884153
0.09991343896409584
0.07039977912405115
0.5098177533403857
0.2500291519457143
0.5976972786017549
0.062171309628074045
0.8034441089148232
0.5377013826631428
0.2800334252903087
0.18466343379372896
0.23588579742119564
0.11443016983505405
0.009230260475543428
0.061654835916817516
0.7717710836710368
0.3153470851913223
0.182111553220867
0.4018901754124906
0.5830432092156826
0.13843548703151098
0.5694890570255429
0.05420519598086537
0.14716393439199638
0.9140226007534984
0.34100626183479243
0.10458608690751725
0.3339803252479703
0.450957722359319
0.7372702826738078
0.958934569169849
0.8795781810018164
0.9652293359500284
0.41351411817999906
0.04206878959421867
0.7522348707717716
0.861792944106542
0.3858625836831653
0.06201579649934769
0.028519699867505948
0.33669436283376797
0.18631719800504395
0.11718528982603349
0.05647820534697656
0.0979067663887857
0.020588103347813847
0.551127096944575
0.6763435242083515
0.3555906547574462
0.9022510859398543
0.9722875618005056
0.510763735329783
0.9266466039043755
0.11466502044572113
0.32266408029295035
0.07236289917577388
0.4027970388365588
0.28202061110767884
0.23307052556760965
0.09816298862061834
0.25974617237238373
0.8725895093966503
0.586686565004952
0.30651713954471904
0.004706840862992847
0.1036849766551673
0.061573864247574904
0.877571495468325
0.8503940501487924
0.48267479043420136
0.2122776337775186
0.21092289186538815
0.09714391040377368
0.8002293844392205
0.2705295366296987
0.39636382900930056
0.06923843888510972
0.470153921155929
0.7227031618053658
0.4921974049875182
