0.10681807586649068
0.8329388253205839
0.37252165401140647
0.15821581899257642
0.022575458337535936
0.03433034454675545
0.45623584601243783
0.608747574974718
0.4784538615421712
0.049841558040731204
0.4015526541653307
0.07469509414541742
0.9595973842953414
0.37874656121635725
0.4918035959426452
0.03148117451833232
0.28677490541663886
0.08661313905858425
0.3958439318324958
0.10509837940132377
0.49178814111247915
0.08697643628366936
0.6248448648554363
0.6286298627206626
0.9100417194293485
0.7240518423842822
0.08585855534568321
0.009367431305785434
0.087152843035881
0.9044013392112655
0.12078117675968936
0.3899028564413074
0.8608359403050555
0.252238211091393
0.6268818255424975
0.016518164861793583
0.03108984062317499
0.8071787285188653
0.7682254138455966
0.5229605029752609
0.4839698624403841
0.0011411627037800631
0.6596863283047611
0.4888200855298821
0.19087100324997075
0.13561460689524685
0.5997657027394707
0.32364257386076045
5.716368317720821e-05
0.36842577105944674
0.599812722601858
0.9210953176390007
0.28499254821598696
0.527124005258127
0.3517701147236645
0.16522583656754053
0.7897786402085166
0.7500703947573857
0.38636162704146
0.5352023002155082
0.8653535438002806
0.015639778520955883
0.1918865822853665
0.8892862034650897
0.16042666074432455
0.08689861103623064
0.28448965375664503
0.3949136927002872
0.09389832100359552
0.016325191004353715
0.8421174714939177
0.335687927404343
0.18139552549441018
0.0005461824093611067
0.3538381426410206
0.17935684819480927
0.0017580299593689694
0.16425100490745592
0.08729745967496183
0.6926809238647589
0.5015033500916402
0.015423086084255688
0.009211362070888685
0.0022891271428489013
0.32459079134890256
0.32716436186328224
0.243838795635279
0.06103673144001309
0.43347038201076765
0.4746657670543941
0.6581948799499737
0.023296603906126645
0.9288401008285738
0.0771135481821974
0.6277998200680901
0.22428872673661182
0.9921572741117355
0.5258694586656774
0.04085468436402273
0.5496627208688039
0.22511241584783792
0.7162834921701997
0.17319725891959026
0.7319626505708661
0.6707033746689892
0.06102443572415561
0.010246278677376708
0.5584056388109218
0.22552856679010835
0.5080338469717884
0.09511643777105827
0.00869525895527401
0.005511458961378057
0.5807744771905525
0.29625819229210304
0.9503920010887564
0.11765254802292488
0.13620703664596173
0.9123527821186656
