0.014948860300209579
0.5873387712142989
0.924442817339433
0.4426061393550674
0.9907402327773748
0.5074876755610334
0.03622007308624742
0.3846620977784798
0.829571551197241
0.8374382733198623
0.2683179036980914
0.018252934438727886
0.7551022468080704
0.022701993807889398
0.8813116820540725
0.5566746388338621
0.8101665630728865
0.24427407545424412
0.011765305241913104
0.495237909049387
0.07048618251286398
0.1946565682812576
0.08742741565879862
0.2661263864044028
0.919714427684819
0.041465845293454706
0.8676918112176795
0.678676268292218
0.38872564307992885
0.02868782676967731
0.26947191346123067
0.07182952750787441
0.7718944481043472
0.9642094033016254
0.32277189909860576
0.7198546789999734
0.08144500824084733
0.6380273579655444
0.5429415233679371
0.6653068662160815
0.41244371790346995
0.03625929394231564
0.19712962876151732
0.4532045930626405
0.3445968386891648
0.1893666146182007
0.11231046315223356
0.6420166948252282
0.6310364164583133
0.565360023647937
0.2581523186037653
0.00570083281585454
0.030058438260210263
0.6706637962546673
0.5335372541316791
0.11734770253854454
0.6728078570228198
0.09765604987429466
0.026039927969710774
0.26330323498762787
0.6735962138657239
0.6669022821134829
0.1406353846985211
0.07683849552332278
0.1153512081769712
0.2779472865748684
0.07703298551408544
0.30686672756939415
0.5345930690059251
0.0722270255930507
0.8080341560055474
0.02791810092379306
0.07304819039424992
0.07276751085790023
0.72204193531727
0.9673137453146127
0.38495269996789183
0.4025776950961941
0.2012443766016523
0.1089973335428827
0.06392703869131333
0.9113943620379645
0.7302067431311852
0.5237538955554201
0.6747932628734861
0.2268895460449185
0.23303504042633683
0.17763574897896608
0.5903908537532132
0.29551543442307426
0.6398339537699518
0.010939773265417507
0.9655366577715332
0.9336109321787551
0.8939470707376969
0.6477840223780873
0.35977510246443145
0.046706396274967976
0.05650307148422736
0.9038213683142489
0.27522693437498535
0.6279202404497086
0.15316946615406768
0.40506617415485224
0.5007727398253683
0.3147641092706719
0.9818023406988634
0.6276111970904146
0.30052273926270257
0.05836068088547452
0.228061083050356
0.14515334212042705
0.13054481635170895
0.9003891764082639
0.22464245929146442
