0.768803825025987
0.736915925257787
0.4699199044592932
0.5021423749767304
0.3316846832550744
0.12731729329002076
0.5703003488197591
0.0072904851888267105
0.029786216253013142
0.4159350070602381
0.4447251402403398
0.606081185456957
0.1940570709605054
0.09573213461685626
0.4509523073636712
0.9559980008535378
0.5327646236981534
0.4101112822326236
0.8324978247424084
0.30267104319442073
0.24793527355571454
0.16898588795241665
0.6010231607724164
0.0003349216279457945
0.28323588808084943
0.0016432388938343312
0.2044115571780769
0.22027496328618068
0.9027476430480531
0.2701643810658033
0.020992234318608194
0.20808161966738345
0.07357013636536447
0.9770324906903358
0.044866178751700625
0.4620210040952275
0.22800090434150783
0.2366005542525993
0.6830464523426847
3.61345539023894e-06
0.2917134726335634
0.832643533157145
0.7677553818115915
0.0017447654526390188
0.19170575232901688
0.08888496522672602
0.15897208228649973
0.21488691080978306
0.8241141258216134
0.6148923371436487
0.04471073755063526
0.32590964588299154
0.10093566297293588
0.157391537322545
0.05154818165493924
0.9555246817438977
0.15760812853722928
0.5259278753602701
0.8143600166320187
0.8077945694206374
0.5996146395803084
0.2316570126415909
0.10197868752499328
0.30954909275675413
0.30820670831681385
0.2641252435140562
0.47132524431829936
0.013035166512917362
0.11728210189822419
0.9009908670440067
0.00288601624232121
0.9324873277128953
0.048646358831002434
0.3599951728352886
0.00024535781059298323
0.3027501645017785
0.548888976398856
0.9994979876367662
0.17795841409304636
0.7943536763420341
0.12174057724722753
0.0011607507386035554
0.31649900238359474
0.46870602009908857
0.8537002338852006
0.7632553294133506
0.5619185495406013
0.011602778300304649
0.5567957073364063
0.018519610553112464
0.0030468878145921696
0.13347017943651296
0.08049371010500717
0.7498219613677717
0.33345862143729144
0.18668719742856577
0.521691172905693
0.1540163874750664
0.40489481522251314
0.093997938724655
0.2942201192926293
0.08697127573051255
0.6877382274289082
0.3610623180753496
0.024701408084123022
0.7555120390076161
0.46796257815509235
0.7469558635696814
0.7783536086892595
0.3939151086844568
0.00475192714825301
0.6300662410971541
0.15046310391195927
0.9506813519466237
0.22392015940715537
0.8690555785165496
0.06244378433439035
0.21459897194336897
0.6570044014637811
7.261478074394034e-06
