0.14409195589740165
0.0005026393120166617
0.4532751405810649
0.4440379489421187
0.31082809139240086
0.18764196340458938
0.5634731949097673
0.004394139734097635
0.015878491374461623
0.8847288889989564
0.03353584968707035
0.7169308283682428
0.7923086702568802
0.025654896666036597
0.33487146398587586
0.2969258336575089
0.4629460567183208
0.7159076437754857
0.12472285533356753
0.43299211827264794
0.00983501805506437
0.7673950031970105
0.015663323377637317
0.341268706877081
0.743235255227704
0.47825472891138854
0.1505590501351881
0.07778183227714819
0.015435413742749038
0.3945331450527325
0.052118023463368024
0.012214247517987609
0.18752695529297747
0.0030991927601768943
0.5528784966806108
0.12326255083424198
0.8952356033977678
0.596985556235043
0.4150521239084055
0.8640438889116036
0.010084748422620526
0.0647658474027461
0.385611087892351
0.2096381857972418
0.9600297744392446
3.3307523702008623e-05
0.7694449349741666
0.0011402533387312452
0.5431412522626762
0.7125101994733964
0.9129253494956951
0.13976503144660635
0.049315215496959386
0.5962606000833397
0.0025911024018505646
0.022244080555677614
0.8143711437957333
0.6923135863492009
0.1192206787450976
0.9643809634414051
0.48587209398891457
0.19219415401326048
0.11170711004332749
0.010012194537780239
0.0022407732365228306
0.09925887821292
0.5202237498400399
0.20778382199734374
0.09450470151079005
0.1654302621653899
0.001403253194843579
0.19083176504195487
0.513175093271707
0.009976598326185249
0.285987332526501
0.029547307291064584
0.5054859354693333
0.08721271210102333
0.48737874646263446
0.14843030580847927
0.0965471755739773
0.0028372494612485255
0.20907752447631633
0.5777326216620675
0.22087675114413602
0.3226445094544028
0.46665902752832733
0.8794925606501636
0.30584275720897913
0.022768932693636668
0.06738561049299951
0.2466543232403966
0.9298911383702307
0.9952947628599763
0.7745670226953564
0.7601806946959692
0.38583951341883105
0.2887724705254231
0.8537570185075299
0.2151176517629283
0.11099313829744406
0.6775932245568556
0.1347054384419908
0.9181748897012045
0.7103703768323381
0.012948349595398367
0.5518377463974289
0.35168268095786304
0.605391037783176
0.8544829310399956
0.3077897155065077
0.7789997874529828
0.8624102600870693
0.360468816343708
0.45477317875052675
0.017386215379214365
0.026547258389609585
0.24880437308524406
0.5113420362940196
