0.3406109180754717
0.8358981433689269
0.2488225566322677
0.9805942819103479
0.016241884286013475
0.7326254068005741
0.46653818094736144
0.927677293104187
0.5117444215077442
0.7663857956869209
0.20136922376051936
0.6182588065711997
0.7298141005280525
0.32123873085074556
0.4276188225676385
0.2268834395323709
0.03155129906610732
0.16720860124580517
0.3559004341437022
0.8979334926030287
0.7956637215100151
0.3831604380429352
0.3601602972844977
0.794097284942116
0.4945537290347999
0.5988097841415712
0.7957567953178097
0.27107435942242275
0.5844369178462254
0.6473712253534989
0.1534571123116948
0.0871674777914695
0.10625292979245818
0.08791915846633636
0.493369044488023
0.9824996378585793
0.27143672150604303
0.2257783308420298
0.4817067160092063
0.6184928619686132
0.026987603834400353
0.5476958286860225
0.981170104482504
0.18958501472117203
0.00917758031747895
0.5440764908784551
0.09961248235998688
0.5115754964952635
0.20803256693982441
0.07035858677922313
0.4745207237564337
0.46580266069981635
0.004983195770037252
0.12051284556527274
0.264065241088423
0.3025889497949026
0.37163513606537496
0.4361352364431895
0.10480614159995683
0.8176361636749101
0.8790197576205405
0.9212053448007063
0.9839983280381186
0.9198356554046857
0.6819502204851973
0.1432275276891799
0.44636453858455893
0.1992131519387188
0.04086302757770066
0.6490573191476248
0.0987271817674995
0.3749772649285108
0.8493693750213802
0.29878343979479016
0.6419345917783141
0.9907145742840413
0.5594516950309059
0.7870343390727268
0.7553894542699289
0.8951158563052604
0.24717382716097788
0.5452645665835494
0.03675617315022657
0.10268276763212425
0.31640115504828237
0.9629902972287658
0.08608013786356605
0.6046605515765074
0.11168414379737923
0.9421250552152964
0.005691179092571108
0.2229424064046508
0.633729959939656
0.9696047772683909
0.15532894567996358
0.3629604678415723
0.5136889301258003
0.7919591659341789
0.0048175614003993505
0.35558191700680214
0.3212586437667302
0.6796168484764513
0.5041758105994069
0.04144511205057876
0.22031937282163572
0.3550596159846462
0.9072156924539789
0.4583657830522001
0.3916942308718556
0.5886037992356313
0.06980712033782559
0.39157548024922073
0.2977184004621331
0.4493227748525915
0.37491963784755455
