0.5080394268761146
0.6121783583329884
0.6170354098034333
0.630186627740739
0.01025089377148447
0.3406752184160918
None
0.016299324426279682
0.4608455341366827
0.9012995424214573
0.6952048368127468
0.2569994487769407
0.09112003108600819
0.6382431768345254
0.9452380904258921
0.2146391403203931
None
0.4580245750165861
0.041430076553998996
0.35744017024940844
0.1746940438465372
0.22477350777921945
0.14992632722627489
None
0.5556717315359421
0.05929419084296428
None
0.03609457535876166
0.07747555719328557
0.05881852408905402
