0.957
0.437
0.656
0.978
0.488
0.595
0.212
1.0
0.671
0.073
0.847
0.197
0.671
0.369
0.758
0.958
0.223
0.02
0.923
0.28
0.146
0.267
0.23
0.312
0.487
0.788
0.536
0.392
0.558
0.658
0.794
0.387
0.319
0.147
0.291
0.115
0.231
0.488
0.977
0.165
0.685
0.392
0.009
0.3
0.416
0.725
0.847
0.352
0.641
0.913
0.425
0.51
0.756
0.375
0.795
0.446
0.735
0.975
None
0.855
None
0.607
0.289
0.395
0.996
0.893
0.609
None
0.266
0.321
0.034
0.072
0.271
0.788
0.012
0.202
0.537
0.385
0.531
0.894
0.456
0.995
0.266
0.404
0.358
0.653
0.715
0.851
0.963
0.491
0.671
0.227
0.212
0.04
0.43
0.222
0.62
0.337
0.328
0.766
0.498
0.704
0.39
0.785
0.227
0.846
0.399
0.422
0.039
0.583
0.444
0.141
0.201
0.338
0.831
0.4
0.063
0.33
0.728
0.222
0.717
0.126
0.651
0.806
0.064
0.162
0.228
0.419
0.878
0.928
0.496
0.087
0.248
0.517
0.175
0.981
0.459
0.82
0.165
0.725
0.576
0.602
0.211
0.022
0.313
0.224
0.817
0.134
0.453
0.653
1.0
0.378
None
0.595
0.409
0.203
0.264
