0.49398267970114396
0.5780043152710075
0.00766290865512298
0.5681112653910361
0.6154883487075868
0.39633171594062633
0.27068347116369673
0.48241469170926754
0.008369184460582213
0.8756552665081272
0.5899316729832111
0.006298515068352772
0.24792643132267433
0.1298921617688709
0.18287370140217293
0.0935587255460812
0.4142841660938214
0.633277261243467
0.4716138295604681
0.9308172215697568
0.61426432154989
0.6465252484814694
0.6505268731934863
0.012186654018239595
0.3086299222917741
0.0687285350627258
0.8209837889402769
0.9658947261345854
0.0034572085457436064
0.4316094646076353
0.8572444661510585
0.07540872123026476
0.40663595580170875
0.1287607257810941
0.08661180940910707
0.00788588122171019
0.1818593642403302
0.4882324970619173
0.8240202103188172
0.4274199726437322
0.6230846775915613
0.2044174518217378
0.7537749411371572
0.21332868230455088
0.8869826173045334
0.8630727270594003
0.3082129463682264
0.5695183073209906
0.3400863340497944
0.2518625769867067
0.6200037309807274
0.9827063270018799
0.4809343169682858
0.7881802581568418
0.48899638926306327
0.3483516838909093
0.5474976682682127
0.7186448033968926
0.03003660695785837
0.9736421375018562
0.3072879739524552
0.2530092793239205
0.8572189169661582
0.7090790822659124
0.483611742033355
0.646205686534968
None
0.9402124860057376
0.12778417669754685
0.00366993919482117
0.016693078147321128
0.7301698324711804
0.5452019722558666
0.8957576759166299
0.4060461477874684
0.3308168520691405
0.10651329029761514
0.7455760561098539
0.5634367079576234
0.38368725377024687
0.15192247283031568
0.5317983691908905
0.6922465973314345
0.9017596856559866
0.3671760188947599
0.7150593856556852
0.8245658305190614
0.9582518276016607
0.8438680974415074
0.869205337301159
0.33592370420206036
0.7913104158576505
0.7792256402004165
0.8828636222853485
0.5157864561973813
0.039953678963051686
0.11009124749018517
0.5795731635420935
0.972343536887011
0.8768637329136931
0.060034295713480956
0.05210818136735087
0.07188289211289899
0.12077708846541224
0.8637512463084613
0.47125933282064086
0.6561899845322179
0.4985817547571057
0.21694322786827414
None
0.1489344390634939
0.9376423044477543
0.5798727704153086
0.6030095974850161
0.12113354825630106
0.3369948418059481
0.9246159054607797
0.7417324738944531
0.7801482707375635
0.3940354586820225
0.8474906894354689
0.40086953618890575
0.043647118430614196
0.5567363078860526
0.714824153002271
0.7025242430468683
0.3520665476774332
0.6721656555845881
0.707354503934013
0.2387766940168252
0.8218770328956011
0.5024777624120423
0.4896158240813411
0.8757178353048711
0.03875926140729723
0.3602432982979482
0.6142411844318161
0.9709201265660009
0.3739449825245259
0.9324506692090335
0.5435980685192352
0.5925089247271118
0.12802518816513753
0.40309362490830813
0.29069269838248224
0.41244942435761023
0.0687286275358776
0.9495253207922238
None
0.3986586395219751
0.5508837020376837
0.19472607941599024
