0.009129859331678647
0.004287402092532089
0.025332356998502004
0.0004641712363517847
0.052886612913533915
0.04795113931206152
0.023829398657609913
0.12280073813441805
0.010505990787076813
0.0005041615425913637
0.026955103737847264
0.06580873460662318
0.01726844036594044
0.048028751680252224
0.08665291061311864
0.008281242833783287
0.01879787055661475
0.0006273389758268966
0.009202514430260988
0.00042434921735368114
0.051403342784131834
8.523884909950041e-05
0.03032166584225293
0.0006002993914486776
0.008547510188724905
0.007050552899629636
0.0013229795232194697
0.017417568196094413
0.07781250498210857
0.04595670461149948
0.013537940835914197
0.08485055114157092
0.001776990086357566
0.014892253045682313
0.001172210462927481
0.10357693791892708
0.02234122889605117
0.02724291667510781
0.034625235411780864
0.0034799111251127
0.06763932396681005
0.0025638739337066063
0.004644360483593735
0.023252214621670486
0.0708165238576266
0.006726420878376382
0.015417687199661856
0.046661452701360684
0.0008726581206801587
0.02169685220521922
0.002032760854629556
0.009654072347986764
0.0004775366047522489
0.0002692833138853157
0.07485805471497353
0.01776959690354074
0.05214748979806627
0.0016551777886797403
0.0006596689280446988
0.005722039714472382
0.12601906519461625
0.0552965526335667
9.663861122066741e-05
0.00927475396958033
0.0014493325832285464
0.0004215049397853221
0.0017484236720426427
0.044102661375256424
0.15461033333138063
0.04439899089758548
0.05576995193790513
0.001859328973391916
0.00853144333386946
0.0755095187462127
0.002763767931841743
0.005041564350861671
0.07561671713029194
0.03153692140779096
0.0008091249003856493
0.0017548205640902648
0.00082296894299283
0.044825783560737964
0.026633089569378265
0.0027179607082739032
0.0007711980640539018
0.0021446460123806244
0.003710273012457632
0.04816378784513864
0.24601352238239205
0.0019569998496840046
0.001974593257386026
0.02374034182512408
0.0014472861757570676
0.17476901129566746
0.01725063242376268
0.04853005144788258
0.008139949327465201
0.014611518753769426
0.058506443680944376
0.0011270205326296967
0.015959165824341204
0.01437594023852018
0.010574005135229658
0.01110098690589334
0.17306233052016595
0.003575312058976987
0.029019095579421172
0.004326202955924341
0.04307904308532273
0.00918409730629488
0.004671090279677381
0.006291371545880997
0.06899515149783841
0.003887420980553724
0.02781412760953761
0.009500392249127243
0.05585157067580204
0.005612867801775723
0.011500071422486213
0.08218367446919217
