0.015300223935948543
0.020890558194098574
0.10435247625165722
0.009514210321001748
0.0006895332474512461
0.007985044896136939
0.04782012214026676
0.12280073813441805
0.13216805125111453
0.025119196322467507
0.1710937100084169
0.15319129410940113
0.00752456768706522
0.021579064321166852
0.0009430436230173367
0.039212592261193224
0.0060767080355370595
0.0060210344663658155
0.05566598287764868
0.009252709034059059
0.009134220398455906
0.00040041658643019673
0.009502027254622236
0.0006002993914486776
0.09261191636086652
0.01606786026650253
0.002819657143723786
0.020264335551974044
0.006456194804477011
0.11039281443136151
0.00566941366889262
0.0022729493759994224
0.001776990086357566
0.10877954911757293
0.020149076545518785
0.03956037989650674
0.052270403014527345
0.005068114377396515
0.0262485851093186
0.004838325035247504
0.05664845943159813
0.008310065151481139
0.04807187269921287
0.014111754955041356
0.001842524420681002
0.04008523513733708
0.005518623095511321
0.011955643841816244
0.0027959120053497877
0.009796066674790715
0.10150830660308574
0.010192654303266435
0.004622751618351462
0.000501630696666977
0.010583938309179697
0.12975075442434436
0.028852920684357075
0.07246472428006268
0.003417296617009402
0.02355890502552449
0.0019195228062485192
0.0007043417004128916
0.00804657392193242
0.00927475396958033
0.0014493325832285464
0.10942767797652353
0.00029412501770731403
0.044102661375256424
0.2089747592964959
0.013820569684151351
0.10088414946005586
0.00163542159529384
9.991150030774776e-05
0.08177205005399335
0.0012590089872266397
0.006236590033364298
0.019794671320091606
0.06760202379852376
8.043747522945566e-06
0.00011982457311043859
0.010572284305683244
0.06031861436008179
0.13812202712131816
0.10264730285305856
0.0015611916712576779
0.004182369026172417
0.0032670398544851764
0.006830986313394405
0.3004055070133347
0.016258967218971465
0.050622931751579614
0.002943942210248629
0.008073291463259746
0.014722857276787016
0.007485115357199756
0.03330595474322062
0.0025834193527889404
0.005613001424900288
0.007440845806830909
0.018412822992713407
0.06486200969885525
0.04033542822506275
0.0069286668697357
0.006270544656520105
0.0745938866587752
0.0010647651358965948
0.07980598862849408
0.002322538906067928
0.023260616631733066
0.14862582226990018
0.031267438228923305
0.017753360404405782
0.048252472296336
0.006032372556332266
0.01622516213994718
0.015976516651192485
0.022019827366718037
0.13274149903964672
0.026863762061663632
0.052263458111958094
