0.480987330763021
0.06050808810364239
0.7228568888853333
0.21877202800298567
0.06895332980190223
0.21988523125807624
0.25009253399376585
0.17606388245453175
0.2412241837499058
0.47287364267144055
0.5578795964224659
0.15294504848093718
0.6546168900314118
0.5822676068349092
0.7428326225756168
0.1925697523799495
0.2533529798005106
0.6047237087269417
0.9886258667869785
0.648199490450629
0.11248608704181062
0.40502179555275386
0.7158436962458521
0.7072925267298819
0.8425466693278517
0.6103806731947226
0.766987297777542
0.6748648598414689
0.232550334670919
0.7572822820634162
0.8098430679201818
0.6081065562627515
0.13446282262151324
0.8161034243896681
0.9618827977337023
0.12369567858129124
0.1797726454799246
0.10444638405607165
0.221468151697499
0.28780244865615345
0.8035150057798937
0.8498379214535795
0.682307351043915
0.18340046187315218
0.4289415333172224
0.3306752567124378
0.0388932553156105
0.5850674370535347
0.2832197969512771
0.5534775701925143
0.9329871987607832
0.04238672710604985
0.4019206824701098
0.4327285286795878
0.7916747519592777
0.8283874551291972
0.7840278326125825
0.826347758002042
0.8321105255911629
0.41059467266133987
0.40937061627364546
0.6504573616825524
0.006540796842982921
0.15726329590167043
0.8253658626611498
0.6499768730145278
0.43104068961249764
0.8144148685436264
0.0752598755492676
0.5154462341534627
0.3370263605771575
0.40572942737560913
0.6541993141949236
0.8993242259137981
0.23004513218282852
0.21783044418755265
0.17570169285190507
0.5035111719602734
0.22080689175425783
0.34206544657605914
0.6791035798942212
0.71562444452528
0.9768143223789232
0.45606686199475543
0.8421387580853399
0.4424625103154076
0.501667250997802
0.2634846066227523
0.055294342236644534
0.5212517976095676
0.5617296302498314
0.011394111213276936
0.7480008285323536
0.6084109093956409
0.9952168275296196
0.8095413952932746
0.934533519716718
0.6676066868318966
0.22191658926660063
0.7836262540270158
0.30490457387220343
0.1762904458491284
0.04892453485593906
0.45743394448987224
0.7421733810777726
0.9609091152121152
0.3593111567562888
0.47119880116688284
0.06730560504911824
0.3497879271648806
0.4551329083196891
0.6495631274445972
0.06752720187284544
0.7662120493352307
0.07530878978249525
0.7250082696300968
0.634685842936581
0.45211351790398546
0.6618768146396192
0.5812701066409937
