0.4759422896924895
0.03331694320937181
0.3693057382098394
0.10258136070460044
0.04642939746932652
0.7164060853264376
0.6083138139657678
0.2743503972854555
0.13047059567312475
0.8671959773507942
0.17772788139171158
0.3668494924335184
0.8753358187146911
0.5535223049084879
0.7428326225762588
0.7191281485435264
0.09568943769487404
0.8441693662777934
0.4156920178451487
0.08568292988655365
0.0793849365023772
0.8004722682070164
0.2501400338328248
0.4256040057140118
0.42182846089191567
0.634728562371237
0.7751567466021683
0.8676259429203391
0.2325503346708695
0.9918623997911014
0.33531439775246485
0.8561272611719171
0.07873620766176266
0.44725281623934565
0.9231647737982107
0.5322620787977723
0.526898276430084
0.6003482160389182
0.028357486477544658
0.7501473503224909
0.2532614791573558
0.8897184348859699
0.8089556747425759
0.17294989935889205
0.4600120857820478
0.43290784525969994
0.028153939856208763
0.8358509295916562
0.11145126243999706
0.1676850429463277
0.9769333727757527
0.09229946601430135
0.8101479367770215
0.790199089454561
0.43237511925618843
0.8467096812269397
0.7825858692120348
0.7416199402973656
0.38881548577282654
0.372377652958134
0.5791818710193415
0.6821541792708994
0.04210209166850154
0.1572632958933342
0.8093950379979387
0.9075877493550905
0.9799614109668786
0.8442579901151392
0.23567422817861225
0.2387133890513733
0.6694374880351234
0.24188580850518893
0.6722386934492869
0.2676286566615963
0.01346716147752236
0.9146284927349675
0.23820332316342419
0.19443457215920543
0.3414779629230806
0.3925486092558629
0.6764945217753455
0.7511737392398882
0.19415396198533785
0.14767512775406333
0.8900916599613449
0.44634747726556073
0.02206898216575294
0.5906659457435026
0.07065602221148937
0.802373953279629
0.3458527600703132
0.020766638317752717
0.6591493451621415
0.8958658938797206
0.21205598316957652
0.9834670784476038
0.39656864111955015
0.49221790432652945
0.39790645862318585
0.6252160621836125
0.5935534109985001
0.42374509273935795
0.6425627666878768
0.9887698399729645
0.710876623783314
0.9092195030172165
0.21053006174154376
0.5879385488517536
0.023142806184151495
0.4231381023380627
0.018491017096016416
0.9001464578025014
0.08146603688521536
0.1530099043655156
0.05886383244341231
0.5156144456772402
0.9336348406908487
0.5460740286126394
0.9708863337002263
0.2158087428356965
