0.06640568504122646
0.010116400332062847
0.02262691901449032
0.0026313157354416195
0.06581101298697045
0.007985044896136939
0.014761117278442315
0.00459999252609844
0.031211414920568004
0.006100181428884799
0.05018238452199841
0.001328773456922061
0.06998479741203911
0.011419334453416585
0.02576730948587258
0.003832584287166929
0.001701703527455134
0.0006166443987469794
0.07132055946741489
0.009707306657530168
0.03366542689675733
0.001528451638933781
0.010333536909157504
0.0022475907698189523
0.004463926080952918
0.02910642605656233
0.0006588661450821487
0.0002544951500957904
0.029801510596498382
0.04089659227779663
0.0002603119893815897
0.0014026399564324166
0.022899236336611395
0.1573978289506579
0.009526174631002027
0.04288995308187782
0.06364565021884849
0.001545647730262445
0.008022219898632166
0.05333913127793721
0.1019551587248404
0.0009048831897418008
0.004878046944220893
0.027625636330298686
0.0002957665962612932
0.043297743222484364
0.015159000482718898
0.0006555044342648753
0.0015436889452757896
0.009796066674790715
0.0006372678077111171
0.011832829192982564
0.015177617671775723
0.0037076535101487895
0.004193018760401346
0.013310377625721737
0.00278461767577598
0.002368741874037239
0.003365704270542169
0.02934227428470848
0.18893746411862478
0.005166513262329753
0.00804657392193242
0.031182223722914904
0.006414300166405207
0.02103757789317262
0.007884939727492046
0.08447415476706643
0.010323412329189319
0.060692428517925556
0.025288494084054314
0.01361910090248708
0.004417869733343238
0.006301809294353866
0.056308178467528114
0.026598581717741654
0.005374535357487664
0.09830848516214341
0.078359307298705
0.037456161603079074
0.0004695650226376191
0.03136129187060943
0.06783243118312865
0.009989699818816034
0.02996436571953831
0.0021446460123806244
0.04883951157696198
0.005160568398781429
0.0786858384423963
0.04258956036840367
0.0003241885521334531
0.002943942210248629
0.00013238597939957408
0.07068289820092577
0.010115232174662925
0.04853005144788258
0.006441842321761371
0.0013177695069845896
0.0017297913846090474
0.0014736854880168515
0.06518071331783637
0.006013767603123776
0.1301736522645287
0.006826107447483576
0.02848718320082777
0.003575312058976987
0.00031670127135741133
0.004725997724587261
0.04307904308532273
0.0045705013242780534
0.03288341636201264
0.003978738392564907
0.0554249465503287
0.0019830099720108407
0.018153195890210805
0.009500392249127243
0.0010296892785397471
2.0068545163454132e-05
0.011610395645309746
0.02323232956618182
