0.4883180450002429
0.42559980920460566
0.9795249245745785
0.4040779489322084
0.054010470422127366
0.3928714288789662
0.8321560349270809
0.2743503972828197
0.25216506054999677
0.924853217937357
0.48778097126975384
0.4926771851591043
0.14833175690416356
0.36311369090187373
0.7319114340419741
0.023492272034854045
0.8658663753716183
0.3413876578960358
0.6165420332491706
0.342152040717312
0.11314921393023479
0.6994400881800885
0.5545445210954285
0.4256040057142485
0.8848184758398836
0.6504293573199612
0.6448570434564649
0.6534065483988696
0.337581233448784
0.9571866251442378
0.25220505300299334
0.6081065562618857
0.07873620766128211
0.1826462524407606
0.9166756181734377
0.8062828714071582
0.358720272145876
0.3870258764327281
0.1392638752207192
0.8705253802010611
0.2635334451558343
0.32451983870618806
0.3332540824138812
0.43355867274105275
0.971554999622518
0.3299769543116504
0.18912387726777946
0.9098943068661143
0.9579906904097806
0.9957002870173182
0.3803778077660418
0.15348205743221513
0.9597410248024123
0.8175631663326571
0.6908121864672563
0.8367195464371557
0.22833403007864025
0.725664073725975
0.4316700460252094
0.16846923913030443
0.655019566510719
0.26834569335751673
0.009142785282552524
0.15726329590879806
0.8093950379979753
0.9439146375689607
0.5868132116473914
0.8442579901151392
0.1778961502540274
0.27269775843162725
0.8518065510190794
0.09891990187058597
0.514895369048049
0.11662299670344144
0.1201543041426347
0.8700729024212538
0.04835335389303347
0.4067152134964467
0.16077157608343473
0.19734427393465304
0.5851726501124409
0.9223590850049059
0.9960713278347846
0.24403883381865277
0.5471493718280926
0.8788053577531367
0.010004607035983467
0.36038498030884014
0.07034057091985901
0.41773581739683485
0.49540399740822694
0.03076994792442357
0.9802122365322385
0.3680045886836407
0.946074875279545
0.5122032371582099
0.1356793678459538
0.5803031206162031
0.3104656727937074
0.9779923559108901
0.7204769697456552
0.4554644033125783
0.7802128665161709
0.9858871635338593
0.7577990105232466
0.44359096512716667
0.30761936915529736
0.5948897667015898
0.013511499522554546
0.5064168287911797
0.4261590595857121
0.9026789932827762
0.050611523890483213
0.9940598872643274
0.3765674347065882
0.7074692566065253
0.6444299538196058
0.21058930969470047
0.5139542709623035
0.20442711486335008
