0.005163609888577225
0.04281466313148674
0.05246685489704195
0.002284116541525716
0.0019005988020615039
0.023485934284178667
0.027094477043200227
0.011439038788486844
0.008563404645617778
0.0014344905497603033
0.0020742544699416943
0.0010701950425191509
0.015032162457168985
0.052746119652345325
0.08665291061311864
0.00625775029490927
0.0010378167271609673
0.010882869089451574
0.09658508259239884
0.03739560727439217
0.011420907668398206
0.12034883189619472
0.009013612955448558
0.008157874032026724
0.0033487752012877348
0.005042936744917181
0.0003079505195633381
0.0011276741898003095
0.07781250498210857
0.018635056695177843
0.02248998036244587
0.0022729493759994224
0.041217093949103445
0.006769431768472556
0.0019881670951744645
0.039503656850863544
0.08129678061344081
0.04030178157359865
0.03778027867147826
0.0012545625072339917
0.0047580131121061076
0.0011457406011841087
0.010909943287079393
0.048717032101402546
0.04185585789226698
0.07144710853775127
0.0059820150710701014
0.008312713248671555
0.07225417094134112
0.012473503161557264
0.0013187478132643538
0.0013615328772864643
0.00096449067572979
0.01704380259153382
0.013960941316134567
0.12197176766389317
0.04724885260875378
0.04987646261061296
0.056105667727690545
0.00016627295709592538
0.07164374105303772
0.046564527316642845
0.002231650067495261
0.00927475396958033
0.0004566412332895897
0.001087532007959302
0.10566106231870909
0.012200306524969173
0.10178215012691227
0.13060083194801564
0.04156117281758798
0.01361910090248708
0.0017960742488509762
0.005814991541791326
0.010718314747903523
0.0913274103484325
0.0015496750122463432
0.016342433790358157
0.003701020176999803
0.006264419508238639
0.0011885689334558691
0.11987650914109094
0.07078068128461878
0.011087024809233847
0.001551199009428128
0.027730113863415617
0.05300708660198383
0.005398359815437015
0.02650071833705847
0.00016568004710548756
0.0784802497334327
0.05888689807728942
0.00025637404589540225
0.010671257242191423
0.01788097444314718
0.015219181960922423
0.0381304822791797
0.02571853340000607
0.00029830735306624057
0.011066407939954948
0.20245345536373338
0.014351660237334585
0.06336177529258014
0.05803725974144158
0.22448000389331524
0.005917425154177591
0.003373510729089535
0.0007466305844181509
0.004432628758358037
0.0013797454773145645
0.05896607687015609
0.06453600757186484
0.0025117340674485344
0.008084725729406328
0.01145393500971914
0.009790806201178448
0.0046950672753163225
0.12392041772851714
0.03313155225603959
0.025879854635508348
