0.2519909786093788
0.018182940699552817
0.8362700592347639
0.1884701153201783
0.10680232941967005
0.3928714288789662
0.24030011810241603
0.2521462137167778
0.06896407670834587
0.6163057253376838
0.7758937167370397
0.8830281818825376
0.35799330496583415
0.1057336765784227
0.8656527537552035
0.04383504082611478
0.2774207938852568
0.4587515675884441
0.6693161700583612
0.67776837141661
0.08746808511136894
0.31146885642269134
0.6224822762985307
0.7851736192256624
0.4074134885939399
0.4209016463389996
0.3166383230517615
0.4550663039226127
0.15432791553345782
0.9837482317751793
0.24802974604580919
0.6372067009565459
0.182278560059833
0.3708582857400282
0.8607684943987187
0.5829528251230198
0.4703514852713575
0.3380132387103534
0.10451931664574454
0.27630090773432947
0.23884297748992833
0.7095709130277983
0.6813888967522543
0.2659946844136818
0.9154257268255515
0.3151339278366221
0.20217379245611022
0.8798991503428826
0.4576409418004395
0.995700287016491
0.2015500668150545
0.14411928731483914
0.4109883571349784
0.3244818450317475
0.2144699759893247
0.509851994693816
0.6818885165527577
0.7148382113622072
0.7981059752990538
0.13813310908478083
0.33287517468911565
0.5773785183829159
0.00914278528204071
0.5892852969186734
0.6077350000140751
0.7572734632023963
0.47542043865184513
0.9013608698947717
0.6642605306650715
0.544512107776625
0.2724365739808978
0.40572942737848217
0.33814619719359806
0.4491096496219973
0.009396426292775928
0.34194478327437317
0.23432172718893737
0.24900948216374186
0.2906441705795588
0.8503639409228971
0.37768968637570555
0.7016348261177703
0.8377843339484214
0.4036867725737918
0.5363456076477342
0.13160064976021377
0.016034511521915096
0.9585927146026771
0.04193709551022984
0.8985126579872699
0.8298898314574943
0.03076994792405022
0.8121735267758678
0.3639190184716755
0.5767651902207875
0.9834670784476038
0.3700457594778417
0.5425794833457862
0.07297963257343587
0.7322569648330686
0.3989355188713005
0.642012736913715
0.536638983137168
0.6082631840198305
0.6116476616140849
0.9092195030172165
0.7117949759670991
0.9130783501392121
0.0231428061838992
0.3719130821146535
0.07648758654248367
0.8314573949401686
0.05169792018952385
0.8889867709921359
0.05291577343581684
0.17268449774489683
0.8995354055678115
0.17635080970643205
0.8671426943862435
0.8459631927660801
