
0.42
0.509
0.936
0.356
0.069
0.424
0.721
0.969
0.976
0.637
0.974
0.972
0.468
0.583
0.178
0.707
0.322
0.269
0.814
0.385
0.34
0.065
0.541
0.072
0.904
0.464
0.267
0.62
0.331
0.946
0.283
0.141
0.073
0.944
0.524
0.62
0.761
0.343
0.599
0.392
0.795
0.31
0.77
0.449
0.232
0.726
0.219
0.499
0.186
0.335
0.913
0.406
0.273
0.095
0.489
0.944
0.583
0.827
0.154
0.403
0.115
0.098
0.412
0.328
0.193
0.914
0.078
0.701
0.977
0.465
0.832
0.142
0.05
0.889
0.105
0.253
0.616
0.847
0.002
0.026
0.418
0.862
0.95
0.917
0.104
0.226
0.176
0.248
0.994
0.541
0.726
0.185
0.406
0.488
0.36
0.676
0.208
0.359
0.476
0.577
0.83
0.746
0.392
0.317
0.925
0.076
0.884
0.215
0.532
0.959
0.519
0.502
0.785
0.28
0.541
0.481
0.656
0.978
0.573
0.812
