0.39432407957625104
0.9873393935061463
0.6996850993172261
0.34241795598771363
0.6231793621352804
0.5889380847841509
0.3369463356860807
0.6482457385719447
0.6473691836334299
0.34501257434694876
0.0850094852634653
0.09858848486870976
0.5745785205815588
0.07183646746385075
0.6841392995472595
0.6583988877859144
0.09390409261653819
0.5385059065890212
0.07282432853077758
0.7799240005826991
0.4938207028189663
0.003953240599983365
0.49762189496570464
0.3861266972300684
0.23262538423257895
0.20493089051511792
0.2673537601717124
0.11849284384395764
0.6957224096496516
0.7916794615720805
0.9561868628600543
0.2667750372155093
0.5891374489474116
0.45429942562860753
0.41097388792747824
0.6913138075121565
0.08914109146820222
0.6317016549509717
0.2372313656589258
0.22394279642467155
0.6312056805900803
0.767228161667467
0.9001662410269053
0.9181915217654552
0.9770165466583101
0.8748231847774917
0.3008608966240547
0.11509845445292233
0.5944140472607038
0.32284333045393754
0.07497459372139748
0.5811712091309165
0.06473429282040631
0.16396883167904663
0.3625959815120725
0.3687425352817466
0.5701892165737922
0.6670802612681099
0.47253673609127667
0.3883922952892623
0.27112049654313547
0.0465167160952753
0.5240731036899027
0.7691018242255873
0.43014129659945494
0.27128810999582476
0.9610430807229058
0.9319248126861033
0.8769350008951838
0.03592893876926598
0.5060310444183806
0.343906076169919
0.42636856320358785
0.3619755904627547
0.08274008584017449
0.444830846118335
0.2346762440755652
0.0012821849428422902
0.5179621173649835
0.36444893836229036
0.749792820689041
0.6108927716909947
0.23872366061889738
0.21447485015074041
0.9982097549126177
0.18950605130733345
0.39887876253222565
0.26681139444237245
0.09742792754283006
0.9960938843494827
0.11104355611106675
0.8880690912062233
0.2242560856309619
0.9934276004177391
0.5286140621766271
0.5721723727285477
0.40374662157994745
0.83843405656908
0.6109291589395587
0.2535233329811173
0.172737492187437
0.5960890114288178
0.9404961355573516
0.941583796098749
0.16524194822083002
0.7088373415872302
0.4638143612328596
0.051871527125534334
0.23726708202714392
0.13174883967315187
0.5774750549810054
0.7758810613031306
0.43611260436588295
0.18981470516511526
0.29967110634347494
0.42895276167066854
0.9076543463424832
0.3904693819332945
0.027068726012342115
0.46026020096651754
