
0.261
0.24
0.645
0.052
0.763
0.825
0.414
0.951
0.433
0.071
0.619
0.846
0.622
0.837
0.909
0.38
0.617
0.071
0.28
0.05
0.777
0.013
0.698
0.063
0.258
0.328
0.292
0.626
0.892
0.802
0.45
0.866
0.065
0.51
0.085
0.909
0.553
0.665
0.694
0.333
0.829
0.148
0.189
0.546
0.878
0.26
0.394
0.821
0.05
0.586
0.229
0.354
0.064
0.049
0.899
0.541
0.768
0.152
0.038
0.197
0.938
0.813
0.029
0.304
0.157
0.032
0.178
0.712
0.954
0.755
0.634
0.168
0.479
0.849
0.15
0.164
0.884
0.672
0.101
0.2
0.08
0.844
0.577
0.13
0.052
0.233
0.202
0.728
0.99
0.133
0.149
0.51
0.196
0.973
0.525
0.793
0.38
0.462
0.853
0.169
0.495
0.522
0.466
0.345
0.98
0.25
0.624
0.304
0.661
0.334
0.094
0.405
0.862
0.233
0.641
0.338
0.803
0.37
0.32
0.878
