0.41487599295263916
0.5844116338188847
0.3156852470306011
0.7160840879970498
0.7569606119201417
0.5370524877721602
0.8567381523985699
0.13119115043531096
0.4865444982054452
0.6833653775026306
0.6032761196742132
0.43532609255646915
0.15234022711336004
0.8301425504875665
0.20749700640015334
0.294227657537051
0.5934351827076143
0.12600925796012558
0.2551307514103292
0.8676497146268864
0.26944381239466514
0.5675519502090889
0.3120389663404173
0.44934218759556793
0.46704328778659365
0.7466760778926229
0.551935781293106
0.06613379280157684
0.11239168605459215
0.5590009463535115
0.5465490268713731
0.7685970970246723
0.06409954295976017
0.7165554198245396
0.039950195909691996
0.8612000354361233
0.34941203336670884
0.48157474664330424
0.5288152733433378
0.5031540069817901
0.3955329585663463
0.26274194415674296
0.659643397669211
0.8855333476671798
0.11697168779714895
0.9461485812313015
0.34537293197891294
0.854820942585534
0.4730001266788382
0.7922902435337658
0.5997478811227658
0.9912354134888899
0.15383206581661124
0.3290256344238949
0.35532621713754864
0.6499604988808679
0.9201437338458791
0.5731572307669082
0.6021564260876503
0.558338625875032
0.5571200683144415
0.29912584925196817
0.6718384926430268
0.5026657845613554
0.1159772851836004
0.2121900889307428
0.3247246949595741
0.9978310015557408
0.20523856801017154
0.6154143608400215
0.9155787531168218
0.9687243248086159
0.11495059231192739
0.29057668394738057
0.08427416890477124
0.36052434480146744
0.5367191275955281
0.1632083258375101
0.012227552450699175
0.48796637820093913
0.2859060421857378
0.8120699019892526
0.9185427702732878
0.5320342600567389
0.3454547966645096
0.3511986396065654
0.6909938177942061
0.4002773434230223
0.8205543768949273
0.9152360926607346
0.9263411081272295
0.8882317767632433
0.5609287389426074
0.8345985654794057
0.003028742104051352
0.7003162623535629
0.4493049866573289
0.546760613213696
0.8811404493537793
0.2429193130354666
0.7900367887488825
0.5338660769269347
0.93204892116581
0.6312239293994464
0.4181887366053062
0.2218871207223314
0.2539410256054827
0.691924911413268
0.8551692915361644
0.9078523142491531
0.6241553737735173
0.41629214406446025
0.10574405659349906
0.9330199322318748
0.14897552218231086
0.3532091317523311
0.85460586164645
0.3142055621007711
0.930722131241994
0.052402298556496855
