0.3627550343661461
0.04050513065792498
0.26291880904217146
0.8048495555222441
0.008701368370908291
0.001910798595479031
0.21895428070616083
0.5085091021897479
0.6041925654653629
0.752399121983779
0.0072404352254301215
0.13263100390999122
0.4365880933664643
0.012496568435539918
0.38023767247832974
0.1550121486986388
0.18476641101073787
0.84499630990325
0.40227586154640343
0.41095041130640064
0.6830664351152158
0.43920887662981717
0.5111338103383103
0.4258714471498186
0.4905213555108894
0.19743956228558246
0.03778078420477793
0.18963846320244304
0.7369810254363298
0.20520566444407917
0.7232787546837739
0.8831345049333015
0.4800945537365446
0.5577509288685087
0.27237928379848414
0.9683073735225566
0.2999768384697883
0.673470697895456
0.9394094340907583
0.02514078437292988
0.46994353556414636
0.20840223445410966
0.6566255559119274
0.8870359206331908
0.2863416546456117
0.2631566793345739
0.4546823569607932
0.36526618762677476
0.13963265931561722
0.20267352968718466
0.1320758286176571
0.4150177914548208
0.020391196780719323
0.45206328958116787
0.37555926751675645
0.9514755493261833
0.9833026852670579
0.19581076084523175
0.1771386800681658
0.30760382821637045
0.4139529592864074
0.05003950280557452
0.5106045515358142
0.5094763515414844
0.1337611387232409
0.5972887773590808
0.42766091479842
0.9324798715576976
0.6500768016777745
0.6477759587374363
0.6622705579703843
0.7240570951536527
0.5716157801416284
0.04474778043576947
0.5463825136061335
0.20854643387276126
0.9035976843353137
0.6734630823440715
0.482736741484489
0.18665067743774086
0.06953007847938242
0.19927277864082907
0.380803928634583
0.18977156871126577
0.2394903331454854
0.607079331252854
0.5941579838887614
0.002263613759210914
0.8864324769557321
0.6442981439812306
0.7150722505562477
0.8613118736692995
0.695483457137867
0.6539613800170383
0.6950048331338392
0.12937273290511886
0.5448257496795266
0.059368395793743325
0.20794401460992562
0.7371628656933401
0.7174963914054592
0.9848062775069095
0.5230669364745106
0.7304452313606447
0.1939849434429222
0.18232104881437405
0.8478329024757867
0.9997583426793921
0.5080113187334667
0.19512187934669556
0.12290886730955464
0.8845826493038768
0.34149896841171135
0.13099290308575703
0.7619975845480933
0.5895733147809317
0.29769866651632726
0.8789767794107153
0.4448252075171197
0.8840299635972443
0.9051840207010682
0.06453387236406183
0.20814604042224014
0.9743495575697232
0.0613299693648206
0.2722601076824882
0.9350721131660846
0.9051840207010682
0.8110594353899652
0.6501498325815264
0.5108836328161006
0.9743495575697232
0.2352201527217943
0.7331982845804467
0.40720223557618707
0.37458798725287457
0.2722601076824882
0.7889713023058434
0.9428764262771785
0.08932333981723406
0.6501498325815264
0.9945520717480678
0.20868032945516943
0.6914789875592259
0.7331982845804467
0.4373079489404248
0.8576533488461663
0.7889713023058434
0.9403208237258363
0.8069616176332236
0.10228026866588331
0.19205996406963474
0.9945520717480678
0.6120663596329736
0.4373079489404248
0.3840475424419989
0.15294905427690186
0.8293143816730439
0.46682114552089476
0.8069616176332236
0.09133454338575701
0.06340605584759729
0.5107462610129703
0.6120663596329736
0.3692537912293853
0.08341655397214742
0.15294905427690186
0.6469240021302645
0.35812657335827724
0.3241397089846485
0.06340605584759729
0.02639232697280569
0.9098225766614088
0.8709136012933663
0.020298422431830325
0.3692537912293853
0.5872080571008802
0.35199397237139673
0.8287469907498388
0.35812657335827724
0.19268707322554415
0.37690263134444224
0.9098225766614088
0.2633674348580748
0.1459610703065708
0.13862427024124702
0.020298422431830325
0.9999341651260958
0.8287469907498388
0.12077657821909837
0.9537669949892006
0.26010938180146725
0.37690263134444224
0.16525022520810695
0.7303984868345914
0.40754773572653913
0.13862427024124702
0.853946913889323
0.3888619790487339
0.8020934793455696
0.947609597544597
0.26010938180146725
0.08905830759987413
0.9333469797254035
0.4846206274842493
0.40754773572653913
0.2971235101732387
0.630336292940094
0.31352569516467654
0.3888619790487339
0.029692898655550914
0.609181782656226
0.37790650341337884
0.43809250065658434
0.9333469797254035
0.26297343486098845
0.5651197382886048
0.4073076512335986
0.630336292940094
0.7983666620773895
0.032703998594345
0.7874506097277665
0.3582474352858356
0.19200598858897583
0.37790650341337884
0.23998099479624918
0.09970186292721261
0.7542761932688926
0.5651197382886048
0.0793117107576673
0.6453321392507116
0.4189382810789761
0.7874506097277665
0.7090742761128008
0.800469887928444
0.23998099479624918
0.06707483393650215
0.11021753814292902
0.0793117107576673
0.16946514995945036
0.7692244472678527
0.5413796972928545
0.7090742761128008
0.8233430029679908
0.0992818874113749
0.87580790508446
0.9402872995056224
0.11021753814292902
0.8403235235787019
0.7370825625573278
0.5852681321625641
0.8233430029679908
0.8262605552239063
0.2914355941121347
0.40669302127852597
0.0992818874113749
0.20322740296849334
0.3260850815014806
0.8135056520366548
0.7370825625573278
0.46172721134017825
0.9853180800106206
0.2891488218190408
0.2914355941121347
0.8596985758991726
0.08056240789606241
0.20322740296849334
0.3313526480616546
0.14889114145613558
0.46172721134017825
0.15824310660496632
0.11969290557480632
0.9502760494837068
0.7675412837093379
0.08056240789606241
0.07569344735355377
0.15824310660496632
0.5415253483758198
0.7675412837093379
0.17283252895417373
