0.6183838214840343
0.7209734353814734
0.457423447919842
0.8708259830820078
0.6268186012064161
0.18375770890093343
0.11130246364546612
0.131954868648965
0.4529244272163667
0.09244093897704525
0.48422643193036974
0.8778241302373282
0.08673919005636144
0.8533193367524414
0.3805054388452542
0.13467030831817303
0.8727629615797726
0.8283542536175115
0.9634221695474543
0.3932462685064253
0.1217195811643876
0.6913320822679079
0.019027604125137206
0.449087402780228
0.35339681736220974
0.4364652885637632
0.5311009811828526
0.6679994924402934
0.5810573760452057
0.9692385575138451
0.5726947563999235
0.3380336265827453
0.05169774592729581
0.8766910577906711
0.18118484409483493
0.29181217616665195
0.664972811806966
0.6885817003967852
0.7235534504160739
0.8148761216377627
0.06320712934660741
0.26508028466450706
0.970523215739965
0.29208203295112967
0.3301624653992455
0.7801381466488353
0.8538982026845612
0.6629258154467474
0.3865030188393406
0.5748508092992528
0.8275334436670483
0.32672479266846155
0.9246041055557133
0.08573463268451653
0.6140972508424517
0.8862735570783207
0.5077049363752189
0.031953199671880705
0.4290585368930701
0.13455256772467772
0.5086160657399421
0.46512694750646916
0.2113605046461251
0.5100471179245094
0.6088284552530143
0.8588203934001887
0.7334521054117475
0.9856610119943259
0.6095672095830675
0.733115162648675
0.37669505742210796
0.02761717243061157
0.28463206263498936
0.003911597925581172
0.35869267698953866
0.8018125186790872
0.9156952461922929
0.5883921771575717
0.21015144611926684
0.6626365557098013
0.3295152682851843
0.5944997041763325
0.8448534460170254
0.5447566225942263
0.5486403980846757
0.24919984927212502
0.6634459017430103
0.8253535592061977
0.2015460407492627
0.305441715593207
0.9837854312783058
0.30592378015528293
0.13670635461950575
0.4648753041807383
0.2630750942137856
0.6643601410470317
0.24649100855594064
0.048930207194783026
0.7626538305075593
0.2650556747988442
0.2801771114686881
0.3663049727488102
0.09158623767137598
0.502079464660348
0.5111628657153952
0.20853526036710313
0.2432784180133659
0.6638121042004774
0.23729553209755228
0.03739574498790765
0.6502594082311859
0.35068179908206787
0.7131638414798738
0.0024348826688127866
0.24363395104395197
0.30493562668702556
0.6717412316405749
0.6420058524708379
0.8531494090803633
0.3215823007862849
