
0.157
0.758
0.774
0.195
0.117
0.659
0.401
0.523
0.478
0.151
0.121
0.071
0.597
0.74
0.918
0.337
0.136
0.44
0.893
0.751
0.391
0.943
0.423
0.373
0.192
0.252
0.128
0.109
0.898
0.556
0.545
0.154
0.722
0.343
0.143
0.701
0.853
0.746
0.659
0.137
0.255
0.058
0.44
0.807
0.816
0.867
0.223
0.397
0.825
0.37
0.201
0.073
0.104
0.542
0.548
0.935
0.774
0.801
0.8
0.018
0.869
0.79
0.179
0.317
0.094
0.074
0.935
0.333
0.927
0.946
0.544
0.471
0.221
0.291
0.418
0.919
0.148
0.503
0.19
0.302
0.122
0.955
0.808
0.346
0.099
0.648
0.767
0.25
0.593
0.03
0.851
0.792
0.052
0.433
0.573
0.404
0.652
0.664
0.06
0.516
0.992
0.499
0.851
0.803
0.99
0.308
0.282
0.149
0.102
0.146
0.717
0.845
0.189
0.329
0.416
0.364
0.305
0.962
0.571
0.652
0.222
0.628
0.187
0.301
0.298
0.939
0.592
0.035
0.093
0.385
0.151
0.32
0.149
0.612
0.16
0.562
0.74
0.808
0.371
0.453
0.111
0.101
0.609
0.665
0.64
0.469
0.621
0.569
0.805
0.525
0.885
0.092
0.883
0.095
0.568
0.211
0.466
0.621
0.489
0.746
0.034
0.128
0.633
0.086
0.473
0.609
0.663
0.652
0.242
0.506
0.027
0.084
0.223
0.089
0.632
0.319
0.94
0.62
0.089
0.238
0.727
0.8
0.78
0.243
0.211
0.314
0.94
0.541
0.573
0.116
0.1
0.089
0.788
0.184
0.554
0.545
0.314
0.36
0.519
0.477
0.124
0.925
0.373
0.227
0.344
0.545
0.35
0.213
0.28
0.469
0.788
0.303
0.155
0.39
0.21
0.163
0.524
0.665
0.216
0.844
0.747
0.682
0.322
0.997
0.553
0.977
0.374
0.808
0.525
0.018
0.054
0.092
0.742
0.5
0.99
0.008
0.977
0.63
0.811
0.021
0.428
0.504
0.503
0.726
0.918
0.025
0.623
0.932
0.818
0.284
0.846
0.497
0.952
0.732
0.373
0.928
0.266
0.788
0.711
0.81
0.633
0.389
0.534
0.691
0.748
0.81
0.927
0.794
0.637
0.635
0.637
0.126
0.401
0.748
0.625
0.08
0.613
0.422
0.624
0.892
