0.76
0.358
0.566
0.271
0.875
0.451
0.339
0.307
0.768
0.367
0.766
0.106
0.912
0.449
0.711
0.238
0.213
0.099
0.821
0.322
0.586
0.124
0.452
0.104
0.222
0.7
0.117
0.057
0.73
0.805
0.019
0.078
0.489
0.972
0.337
0.751
0.808
0.166
0.317
0.822
0.895
0.048
0.264
0.659
0.102
0.774
0.46
0.104
0.125
0.315
0.122
0.431
0.523
0.25
0.252
0.406
0.177
0.24
0.146
0.496
0.982
0.312
0.38
0.626
0.406
0.611
0.424
0.834
0.363
0.839
0.442
0.421
0.314
0.316
0.829
0.494
0.354
0.911
0.896
0.77
0.077
0.751
0.823
0.336
0.628
0.243
0.76
0.177
0.82
0.728
0.057
0.163
0.037
0.81
0.395
0.784
0.29
0.105
0.268
0.185
0.872
0.387
0.961
0.278
0.735
0.226
0.04
0.328
0.686
0.195
0.647
0.229
0.819
0.152
0.562
0.322
0.135
0.006
0.33
0.695
