0.1655129075725097
1.9765216235256844e-05
0.008427087574188974
0.010409267612480289
0.007155347169072179
0.04671206981422671
0.01732288567072593
0.0071067500131118955
0.04357265254043696
0.014236885347588268
0.0003730495306595305
0.0670439493373518
0.03406924835960701
0.004012657476321957
0.018229183070079147
0.005868974427360563
0.0008871873401878894
0.0005670506461128433
0.19861853062771306
0.049197901213265505
0.0013843721434922962
0.012861586703086125
0.013604453067755262
0.11077469086327141
0.006959097632717404
0.013164427370974341
0.006250065813260042
0.03322549103439787
0.013412686516192984
0.0043939620256072676
0.0007065628905478238
0.001073882246845237
0.07648610711268256
0.07270200707934515
0.018036246033604986
0.044654371877608234
0.0009839042463497538
0.015477345895871908
0.07353443262891424
0.0007550755374479134
0.026965843104267195
0.02805225113268972
0.005092007004546151
0.028416611310664086
0.0008319622277248584
0.011695317507459668
0.06955151342024046
0.023199176121501797
0.020542243955837813
0.0016584442710223524
0.01793788849119471
0.029292166758519977
0.06679256102867526
0.010016382501695453
0.11832574579067301
0.07030884641267199
0.034658038000019875
0.07690159653099826
0.02394395369200475
0.03138544503795315
0.004364769698969484
0.017746042876067403
0.0017729956225782662
0.0004063276972281482
0.025612679394964255
0.004930692151565941
0.000930151439596516
0.19498844146614958
0.020827650463950187
0.03829593140047516
0.00025802874649727414
0.016925860134991755
0.020500864595028423
0.0020437616372270817
0.0313673825126477
0.005904293244811676
0.0003474855596279358
0.025402813261801604
0.003612465389091213
0.00013994273727946371
0.05650645358105222
0.08088560601303629
0.0309685744307564
0.04591613225912661
0.0015502249927796807
0.04944393045309736
0.00261468650835317
0.06304426232992277
0.0006917288176695457
0.005871436667952867
0.0027870919579560116
0.047218096652441144
0.0015648000007484342
0.050963443851655965
0.009411271729333537
0.0630145018068975
0.0018946334489076122
0.00457107737768081
0.01749022126445121
0.006117324152852266
0.00757790814339887
0.018472623285435086
0.07255858491760914
0.009345430369214869
0.008880630382176236
0.013274370833196159
0.03944947151219602
0.0666771629773919
0.013795923857269798
1.8626741210781006e-05
0.018121177464749838
0.020337133487664305
0.00029158318326660826
0.0011323323198162427
0.04307976163943139
0.024540775853428842
0.0047467041106863395
0.005500143354913334
0.03420905337289737
0.010030532661417846
