0.001
0.718
0.905
0.761
0.539
0.217
0.913
0.165
0.268
0.988
0.096
0.387
0.223
0.967
0.131
0.948
0.412
0.93
0.559
0.377
0.344
0.431
0.639
0.114
0.439
0.357
0.046
0.725
0.549
0.488
0.97
0.603
0.251
0.303
0.336
0.587
0.685
0.07
0.715
0.831
0.179
0.765
0.761
0.515
0.781
0.104
0.906
0.376
0.274
0.207
0.349
0.779
0.676
0.442
0.063
0.97
0.57
0.54
0.222
0.36
0.341
0.146
0.283
0.853
0.718
0.269
0.827
0.791
0.452
0.411
0.894
0.081
0.599
0.293
0.979
0.505
0.812
0.378
0.137
0.622
0.169
0.971
0.624
0.032
0.152
0.384
0.71
0.292
0.907
0.991
0.981
0.783
0.64
0.939
0.479
0.0
0.492
0.061
0.747
0.98
0.752
0.465
0.417
0.675
0.559
0.83
0.265
0.057
0.25
0.257
0.785
0.515
0.284
0.287
0.478
0.655
0.415
0.499
0.757
0.723
0.0
0.031
0.0
0.0
0.0
0.01
0.0
0.0
0.046
0.0
0.002
0.038
0.0
0.0
0.02
0.0
0.023
0.002
0.0
0.0
0.001
0.0
0.003
0.0
0.0
0.057
0.001
0.001
0.0
0.0
0.0
0.001
0.0
0.059
0.0
0.02
0.021
0.023
0.021
0.0
0.0
0.001
0.001
0.0
0.0
0.0
0.0
0.0
0.023
0.005
0.043
0.001
0.0
0.026
0.0
0.004
0.0
0.0
0.012
0.012
0.131
0.0
0.056
0.003
0.043
0.02
0.0
0.001
0.003
0.043
0.0
0.003
0.0
0.023
0.0
0.016
0.0
0.046
0.001
0.004
0.0
0.001
0.079
0.0
0.017
0.0
0.06
0.0
0.002
0.01
0.02
0.0
0.018
0.009
0.021
0.0
0.0
0.041
0.016
0.0
0.008
0.001
0.002
