873
1512
1000
661
1340
1681
85
705
1866
637
1787
705
1903
1181
627
1371
1612
1445
1599
420
31
989
1857
1505
1614
1625
1597
960
245
1715
232
1642
468
1169
1756
1580
1563
53
1575
390
1645
1517
1819
1556
1172
1445
1389
1013
1520
1532
767
1824
43
1457
283
1793
726
1521
1747
1696
407
1731
1537
1530
988
1564
1885
1422
782
1383
1208
1889
1162
207
1334
510
1682
1644
1685
1664
1848
1660
1445
1285
1825
949
1507
1305
1612
1842
1459
1470
652
1660
653
1821
1735
1455
1647
1412
1428
1896
1829
1562
624
1812
920
1583
591
1807
967
833
1327
1962
1732
