91.78397369384766
48.59353733062744
44.00841164588928
44.78342008590698
52.60281682014465
50.23487138748169
47.222975730895996
46.41808581352234
46.062663078308105
47.049962759017944
51.31292009353638
47.69729948043823
66.34956455230713
46.70833158493042
39.73030090332031
70.42192792892456
47.71363067626953
46.570117712020874
73.00446152687073
51.05924987792969
46.58285617828369
41.98787760734558
48.89012384414673
51.10570478439331
41.40694999694824
52.739742040634155
43.3960337638855
47.783528327941895
52.1790885925293
47.81327271461487
51.792508363723755
48.21380114555359
53.70088267326355
83.7109363079071
51.22307348251343
50.29082655906677
52.87979531288147
48.95867347717285
46.81644058227539
41.29569458961487
53.63702893257141
41.702425956726074
59.99152970314026
47.85637712478638
53.699973344802856
46.523263454437256
55.10002398490906
43.9609956741333
47.071004152297974
47.47617769241333
44.98960280418396
47.98923587799072
41.630215883255005
46.23321270942688
53.324562311172485
45.219931840896606
48.30038928985596
45.345623254776
58.8280189037323
42.86068081855774
51.81684684753418
51.120744943618774
55.397156715393066
47.51951265335083
47.3251748085022
53.513824462890625
53.8310866355896
48.337438344955444
47.73359727859497
68.70919370651245
93.07820582389832
53.33973264694214
45.512980699539185
48.448955059051514
63.43392610549927
73.70126533508301
51.74659705162048
56.96843647956848
51.86209583282471
64.92140293121338
64.81588172912598
54.54178047180176
46.92307758331299
46.47447752952576
43.04536437988281
42.15428066253662
57.82243752479553
70.53587651252747
50.84270906448364
53.63463497161865
80.1116144657135
50.39898729324341
47.8544545173645
49.760136127471924
53.30510640144348
26.19155788421631
79.09397029876709
74.12372136116028
47.382017612457275
47.65402412414551
92.14142870903015
40.79854130744934
65.05335283279419
50.382057428359985
53.77631497383118
42.563546657562256
67.92353749275208
46.19487428665161
50.07215666770935
45.16817378997803
45.36865735054016
39.80813670158386
73.6589879989624
