191
1706
1313
1486
1774
1459
1717
1516
1704
1488
1689
1627
1620
1507
1229
453
1512
1416
1461
1628
1658
1485
1433
1702
1630
378
824
1649
1736
1831
1709
1983
1873
593
1816
1713
1725
1842
1811
1462
1687
1534
2160
1808
1712
1411
1132
1381
1728
1686
1322
1815
1542
1597
1491
1450
1777
1487
837
1764
1942
1311
1648
1881
1493
1965
1705
1757
1682
812
199
1321
1400
1631
1678
1662
1762
527
1518
1348
1868
1962
1693
1748
1785
1570
1736
865
1625
1806
1817
1571
1935
1249
1770
825
1752
850
1751
1596
310
1618
1646
1485
1922
1630
1602
1566
1440
1195
1832
1477
521
