1642
1459
1599
1425
1821
1332
1681
1629
98
1437
1475
1757
1621
1912
1838
1479
1462
1880
971
1839
1295
1838
1667
1729
1586
1426
1305
1535
1789
1671
1585
278
1621
1567
479
430
1669
1645
1686
1726
1575
1531
1785
1758
1753
1721
759
1678
1282
1672
1679
765
1670
1364
2079
1435
1136
1427
1876
1882
1822
2060
558
1308
2053
1740
852
1751
1426
1544
1436
1793
204
1210
1545
1832
1990
1227
1460
1501
1468
1249
1290
1732
1749
1704
1470
1678
1832
1686
72
1527
1122
1498
250
1534
1949
1866
1427
1877
1388
1837
1236
1582
1800
1744
987
2080
1726
