37.2569534778595
35.624550104141235
36.50722026824951
36.22124624252319
30.70829463005066
38.83389210700989
27.91818332672119
39.23058581352234
34.378907442092896
40.22246217727661
38.359023094177246
37.158679485321045
31.855674266815186
31.540770292282104
34.986305236816406
33.815754652023315
33.715367555618286
34.19579815864563
35.45348143577576
38.97392010688782
34.19844698905945
37.7057843208313
34.12875747680664
36.97469925880432
32.91984152793884
34.83358287811279
33.0190269947052
40.019115686416626
41.44333457946777
34.285736322402954
41.78869962692261
42.75163006782532
35.99962544441223
39.39458203315735
33.901315689086914
36.79032588005066
30.712298154830933
36.10321235656738
35.60796928405762
36.44896364212036
30.01083016395569
31.79759454727173
34.88514709472656
28.65056014060974
31.153759717941284
27.964053630828857
37.970444202423096
32.42952346801758
34.667221546173096
33.028194189071655
28.484001398086548
27.35899043083191
39.28430938720703
30.99888825416565
34.271565675735474
33.6400191783905
34.600791454315186
37.6738383769989
36.2822790145874
37.27192211151123
38.49116253852844
35.40363097190857
33.61179232597351
31.867351055145264
34.39946174621582
28.743613958358765
31.856361627578735
36.04928946495056
38.465373516082764
27.94860529899597
29.769673824310303
35.96287155151367
33.31986713409424
40.117663621902466
29.92839241027832
37.75374889373779
33.808042764663696
31.87160634994507
35.584213972091675
32.66264200210571
35.14293146133423
31.836382389068604
29.054786682128906
26.908199548721313
30.071979522705078
35.66354298591614
32.88135647773743
27.181446075439453
31.02482032775879
35.15277719497681
31.51737952232361
35.77796912193298
38.61270523071289
34.38827323913574
36.37583613395691
34.020912170410156
37.47198224067688
32.780930042266846
35.80107116699219
42.473183155059814
33.72153186798096
38.3304762840271
41.822673082351685
35.191781997680664
41.80215644836426
37.26870512962341
37.32696485519409
36.14348268508911
33.77580404281616
33.72290396690369
33.095330238342285
33.66634702682495
35.499361991882324
38.59753370285034
37.54048466682434
