46.17529010772705
38.82820773124695
41.56073331832886
46.165937185287476
72.50393915176392
53.51440739631653
50.8120014667511
51.95914697647095
44.318673849105835
41.33617854118347
48.317763805389404
39.08290076255798
47.969863414764404
46.30133652687073
49.970423460006714
45.54749608039856
53.97509407997131
46.74282670021057
58.91966414451599
45.751086473464966
51.920241594314575
43.13979959487915
57.250901222229004
44.27502393722534
44.82165002822876
52.41864895820618
49.98480272293091
51.301525831222534
46.066999673843384
49.358548641204834
44.497676372528076
74.45696544647217
50.08863306045532
51.32555341720581
44.590022802352905
44.903218507766724
51.380743741989136
55.17583775520325
46.653079986572266
48.92803978919983
50.48082709312439
44.454811334609985
54.74247336387634
64.32192730903625
47.530829668045044
45.05974316596985
47.195964336395264
44.39747643470764
46.68931579589844
44.04837226867676
46.97592854499817
68.72939777374268
40.37447810173035
46.35690879821777
48.228307008743286
40.53110194206238
49.884464263916016
49.26722574234009
45.69137716293335
54.0823769569397
50.589428424835205
44.770692110061646
55.4473602771759
40.50047945976257
42.59987735748291
45.03832268714905
50.86562728881836
44.96339225769043
43.457422971725464
50.253253698349
49.802557706832886
56.83561086654663
47.06798028945923
41.01857614517212
62.362873792648315
61.46931433677673
43.35345220565796
46.37764549255371
60.69100284576416
43.86710453033447
46.87183976173401
49.9909725189209
39.90718913078308
47.46819829940796
42.52550172805786
44.97585582733154
44.00622844696045
43.28008151054382
71.61096739768982
44.447296142578125
46.65103578567505
47.38171887397766
42.226712465286255
45.7181031703949
49.84564232826233
68.34287977218628
50.477452993392944
56.77039694786072
40.63922166824341
46.41634559631348
50.87545299530029
49.22388172149658
58.04177212715149
49.435882806777954
49.793633699417114
49.2357120513916
60.57035994529724
50.47583723068237
46.86643671989441
50.44753432273865
50.34664869308472
51.04574704170227
49.84845042228699
