58.57117986679077
58.232542276382446
58.565958976745605
52.95841932296753
53.19731664657593
52.342326641082764
52.67395281791687
52.73072910308838
75.87141990661621
58.59145140647888
52.902660846710205
70.75107598304749
53.89251160621643
60.30426740646362
57.16705560684204
62.367324352264404
63.673306703567505
60.110641956329346
75.67276000976562
54.85205888748169
68.5068564414978
46.96177101135254
59.506773233413696
57.66138410568237
57.79226541519165
58.601365089416504
58.13941144943237
50.23100161552429
59.19765377044678
54.79087495803833
54.12451696395874
118.20551347732544
81.34597587585449
71.18327784538269
107.91532492637634
80.80580282211304
54.39620304107666
60.58164715766907
59.60876989364624
67.67290663719177
53.7374906539917
59.64825177192688
59.41431951522827
54.689815521240234
59.51331043243408
61.31741189956665
69.94793462753296
53.22802758216858
56.75392985343933
50.83760333061218
59.51341772079468
69.04927849769592
71.33240294456482
58.62309694290161
56.216914892196655
51.53446650505066
52.760417222976685
53.95711302757263
59.132336378097534
72.68977642059326
52.167303800582886
53.989689111709595
88.92652320861816
47.22094011306763
60.68335032463074
70.95256280899048
72.94256567955017
53.96068048477173
47.432615995407104
60.061558961868286
106.12686324119568
60.39486885070801
68.28841757774353
50.671823501586914
52.84881901741028
59.94555354118347
59.68818545341492
74.11158871650696
69.00379657745361
64.36102366447449
59.44782567024231
52.7505784034729
69.30146789550781
54.65761351585388
53.79225492477417
48.29982781410217
59.201725244522095
59.731360912323
55.2280113697052
70.86529397964478
73.12457227706909
52.407227993011475
104.3344554901123
56.212695598602295
106.79311680793762
70.28293323516846
60.59861516952515
62.35712456703186
51.34602403640747
51.12834811210632
57.400065422058105
47.71431517601013
83.63055038452148
60.26504874229431
50.73943734169006
95.38155555725098
84.8398859500885
55.41377115249634
54.55297827720642
