1363
1458
1699
1429
457
1418
1426
1869
1749
1857
1192
1179
1293
1649
1541
1822
278
1981
1736
1772
1790
1359
1288
1815
1471
1380
1753
1884
1813
1686
1745
99
1811
1719
1637
1577
1583
1785
1595
1804
1675
1612
1575
432
1608
1424
1802
1700
1574
1514
1458
1285
1571
1504
1763
1484
1652
1355
1635
1775
1950
1573
1830
1733
1208
1834
1577
1699
1485
1678
1756
330
1731
1423
1533
481
1386
1538
860
1529
1510
1660
1419
2016
1264
1635
1528
1966
579
1486
1693
1962
1724
1756
1579
282
1685
189
1448
1652
1829
1755
217
1164
1567
1993
1716
1690
1820
1731
1614
1441
1751
