0.024067601790814575
0.02059559658537702
0.023062254439048413
3.051803364995109e-05
0.010545712106534433
0.14505085679506746
0.0045134522147076694
0.0065381190829569835
0.0007952340736985253
0.0009242246690375211
0.019931768005000627
0.012826121400415502
0.013366229009628805
0.011779607711373652
0.005277083338587785
0.04516204865058615
0.0004144013838962568
0.00546529846742394
0.038825355143854656
0.013155647861696762
0.051760163111044255
0.0280437427631004
0.005948953776421018
0.029982630073143612
0.026657278848127852
0.04093688489442204
0.0012945227444758345
0.0006498159656000979
0.0008990945784550508
0.0001562706135829206
0.14562193531220768
0.09432641399576158
0.0012587589055421677
0.09174624383909102
0.0015499233049312
0.04368077237317758
0.06940875731048424
0.05056582265965437
0.005890990645484706
0.006322973408354748
0.0047356489713765715
0.0659979688036807
0.011995809595429119
0.040535105964485174
0.003269890556865551
0.03926980878635855
0.00989045308147829
0.002649594221963758
0.03990501929351864
0.020786308304716616
0.0036109268282551454
0.18722122166611732
0.002477326844186223
0.024168854650411964
0.01830516122695225
0.06056996168224482
0.11598561478728642
0.06167197708010552
0.016800684665758903
0.007405230735495261
0.0008325507260831255
0.07617574943270089
0.023902758126959522
0.004892265210111768
0.047531886425148606
0.05916644475027888
0.004865823977046491
0.044299709387372044
0.010443649804858346
0.04050489744003505
0.09327176783232516
0.02213852557050844
0.02785133874176804
0.0019593942541651366
0.07555933377855228
0.06641586244534281
0.06654267928541957
0.003205060385922387
0.001974164798376643
0.006385870010727102
0.0006332652354479329
0.0006549182144537369
0.009496196200466045
0.003963665716612219
0.008350327298830784
0.04409563938023786
0.051644279734621046
0.04329308279340505
0.004157068745506587
0.04937598162069956
0.005110904377396475
0.0031674670516697034
0.12006933691054034
0.0021241811191268223
0.0008006771451936068
0.00164715264962223
0.010251765361503518
0.030092487898523146
0.04831799178723628
0.0140950896501435
0.02243889215243433
0.03152251766698799
0.0020907611348619515
0.017805606151249265
0.025981762829225152
0.011717820104518273
0.003436722620640653
0.006076226378799232
0.0008715617926875474
0.009701752952550047
0.04701670611541897
0.013350505628558773
0.0015875006530412517
0.006876137454334907
0.011203770792096224
0.12031012358930937
0.08231881837582455
0.05730379536553665
0.03845426708738753
0.0028617581520553603
