0.2663026948563949
0.4293526674920196
0.3333192051408389
0.5060093825550639
0.7490708721990711
0.6245297610234914
0.7596056712748626
0.5386600752013009
0.44671025998894687
0.378254889027944
0.3776671392881694
0.38680769396142956
0.16587731522569957
0.29817355446358285
0.9935424038677187
0.9338718108350725
0.8097376409049477
0.04770122666304344
0.31374906259782187
0.57750914507946
0.8566674593191739
0.7792278336412872
0.655718739290718
0.17742151966854097
0.3211474554571123
0.1217846981039502
0.698926260099542
0.25486776819078366
0.48601861225969584
0.7431842753467921
0.31407428037497276
0.8251666010476343
0.9924064830783881
0.48866687164250266
0.33465243645367027
0.9313231343160262
0.08449301195567283
0.06274718500964588
0.6921229210680417
0.270405951994387
0.17656116977006842
0.7671817833003352
0.38512018502479456
0.3594945794570622
0.13984077215795243
0.2662483855835067
0.8772482083319242
0.5079198056863365
0.7639984233509138
0.03157930058800251
0.3636111094837047
0.43754135146828177
0.8775987554453812
0.10949857804358644
0.041406315194443266
0.09041610853475343
0.35312889833348793
0.8735588540399
0.6886326470059365
0.6598906213672346
0.797280804138206
0.3451877327827937
0.9850577635135472
0.7153705494179707
0.6157059145216279
0.05893133839825279
0.71513886215627
0.6186862633708803
0.4031373129651181
0.0951187691929627
0.06857369961293136
0.8566205184469575
0.6516187241287722
0.5781434062780957
0.460563308964993
0.7355026443733649
0.5391694624275917
0.46618146536095817
0.19209309952410647
0.41237982843301263
0.11087370443940281
0.8679770452020245
0.6857154569733441
0.17473817857153806
0.6138971940556259
0.5384721472124239
0.31226281127947053
0.06555526353446828
0.2865134744339113
0.6386316872314783
0.008927262055583585
0.5831968025573318
0.6657891892583245
0.10532235309775118
0.26632365038619504
0.18773407371163198
0.7464086825063903
0.7363181374611357
0.05282782901026417
0.12411719319361247
0.7315809071641995
0.9881171766552397
0.36418629564823024
0.9171820711731749
0.9976836655282875
0.7126512449866627
0.8978796675477498
0.13985010519788815
0.0645254134033959
0.4922893702045006
0.31085792748745456
0.11693550738636307
0.1764083534513896
0.49019519931499156
0.4182498381484412
0.0375369362811822
0.7814809936991349
0.12205014470203704
0.057244970434131286
