0.4363106831292719
0.18154831840575825
0.14361240855668056
0.5959699693362819
0.16810881751359627
0.6466881882767528
0.3083821120781114
0.2022132640305452
0.2428658368200296
0.949721015416063
0.49095798159719906
0.2742110527673445
0.9189229512622219
0.20621892570775616
0.6256569987932397
0.972309088219441
0.00851307460524442
0.09325250521962825
0.38111383230441853
0.7192017558672106
0.9065463485670482
0.7438818714948694
0.4732621509384276
0.25855688083429884
0.7313069000424454
0.022703315668317847
0.33830365734287526
0.27806729826844
0.5738725813961707
0.5547501460818793
0.7102907863072996
0.15291969777328876
0.4734541342856293
0.5870953162163809
0.7308901810087218
0.05501462134849899
0.09918463345772235
0.9900062888324912
0.42845987335214963
0.9395274943413228
0.8994962624023162
0.6473792964812004
0.7057592488483235
0.594609783690746
0.7173820889331313
0.7698346778727816
0.5876044928369526
0.3898644942918159
0.6810727633270328
0.5065609139761889
0.9204485920129701
0.8357469029275362
0.913965682846422
0.638805276618571
0.014106844380716632
0.005178934108248934
0.29232751029264326
0.7099851285017797
0.4389547422613935
0.09762701162210075
0.02407673551420464
0.6832823088194104
0.808183709428697
0.6815442075314805
0.760200112422645
0.12988033380959774
0.041834701298559596
0.33079673731184067
0.09830925477594832
0.8080386637685184
0.20000283383112905
0.8373756940651448
0.24690253997554867
0.7827892243559462
0.892614639219445
0.6100540889507575
0.7343497856406482
0.4211799641695316
0.8480666827170361
0.5983860136919625
0.4244260034893911
0.6606102303580305
0.7821038646653743
0.43825232457812935
0.17083985746843322
0.2951594700135294
0.3586856117903256
0.18967895359798215
0.18005509478775047
0.9121249067523229
0.3460683324778966
0.1299757782786184
0.5162963564014424
0.172023269822958
0.5977549685335335
0.8322347866982794
0.0026053861988607555
0.16912157961492835
0.540017278604823
0.45542314540178386
0.9006107682378182
0.024160438871422274
0.14897933108113426
0.04373455105953262
0.6591584768393245
0.14852700725337775
0.07145452915183137
0.08936252480134335
0.4758013110616244
0.23042487163594777
0.8705880191351234
0.22891407600691016
0.7242459502036454
0.9877154007328757
0.2941279360641319
0.47863638099802497
0.26338506048665905
0.046352597783301475
0.01957901845878599
0.803738666148319
0.49338645797005665
0.0931934814327382
0.8088980011289861
0.7240255545411634
0.7801063446360375
0.08711871774976587
0.7981736608607479
0.39623636150751484
0.36095579744538986
0.040848520473144544
0.5874955360407208
0.43000205785201406
0.0556742573894131
0.32800552819890605
0.993306788278227
0.710544618882814
0.7107910890111372
0.5501180373296999
0.5140640874432867
0.9576387238592208
0.9267334176368114
0.303676496297983
0.6675963086004921
0.4869494698229604
0.7386978504238957
0.7732273289631707
0.162071295556929
0.6622099625206266
0.6784256077393401
0.06921802888926676
0.055189429580146276
0.9551639078216795
0.18916690827051677
0.15119578250412324
0.36729978541998753
0.9494888753396877
0.4353870417876923
0.07470487239785673
0.6209207092774118
0.14430633801855888
0.9345100442246159
0.9688823104678825
0.49149809234708197
0.6419029869548896
0.5130704050516528
0.6905874740493781
0.4910455687126576
0.6016796733296939
0.3581592892825027
0.6335369581558097
0.2311006675105726
0.17842017963292878
0.13882304962993253
0.2568522655545622
0.1004538872264464
0.7205960813678651
0.03522189501370088
0.40777722235469405
0.08956258879167511
0.07639194193080977
0.30085166142518016
0.9188938362088053
0.30052737049148315
0.9458469286605381
0.4552667622334501
0.6368034567454284
0.6211106292980079
0.7443472674121053
0.10412356626379822
0.7332120743900445
0.21946027444939561
0.575597799912863
0.307448003275282
0.45996446062759566
0.724746999705218
0.22388692803399368
0.6467660051818812
0.4171624184239433
0.11951177540029101
0.6942250076920906
