0.10485151048288288
0.0013712402789689548
0.06434379837637327
0.074931306625305
0.08903771623196932
0.03786104300463089
0.03277159055797463
0.00501528011891228
0.029604811750544968
0.05094279830890236
0.09115239685019261
0.052286395686083065
0.016905898390525254
0.0003827278802532863
0.003842528175544535
0.15697337132164968
0.04987951701831217
0.019522645641198322
0.050217453333368134
0.031150651945724084
0.15811840545653966
0.02701883831609675
0.0057992200701291186
0.0005322771370745993
0.10507972768926921
0.00292740639671929
0.06740655988897526
0.013066117046264258
0.01187364175309824
0.0668714372314052
0.017846962541684608
0.10597480393214753
0.08161282953038906
0.009178308376729616
6.422760834290386e-07
0.06827491977097289
0.014797802463668353
0.004853785404758559
0.0192435851961148
0.0355770329099776
0.0018056345811638952
0.13045160192830307
0.010321553312117704
0.04544134705108105
0.02660204997067761
0.000757578495264033
0.14141106769014256
0.033517684598481035
0.00888280156719956
0.04244420465555465
0.06038037385643302
0.012857960683063663
0.004515767038416385
0.016959690516041404
0.056175322774841385
0.068922746633578
0.012502306886854386
0.0021505442539859754
0.007291594545226321
0.050529394908594094
0.018785464549698094
0.0009923458516847283
0.0022411957657102466
0.04782721849299332
3.697381892431295e-06
0.0021343026104594376
0.0011615116658965086
0.015427643207568398
0.04830667219575724
0.06277863622807556
0.05080129484810625
0.0623816573466196
0.36699025093369775
0.01747015061209134
0.016653264722894745
0.009877560668524632
0.0002860566230074024
0.009410815910792625
0.0010231019061122115
0.013990900413143992
0.01572105305614091
0.010725918651991684
0.074917639102833
0.022167840455206367
0.0007275741186481
0.0004889248972350657
0.10901066357625577
0.03396550928685471
0.012376448962850839
0.005792246238719656
0.02724181167958495
0.006026922206205487
0.005446045320876225
0.0919638548049333
0.019509018092582542
0.001219622248028962
0.023903163372851255
0.0617352811832137
0.005791401810109731
0.003596037445182665
0.009806642063006743
0.02824377081523699
0.017160904706978064
0.0005005915272626726
0.005199653075133703
0.10184044114244295
0.011550311166230065
0.034820499009032835
0.03693670891940659
0.0036615577798124743
0.004645136964107399
0.0023546338227742325
0.024865397318605265
0.05573520392888254
0.029245222668708104
0.0678592104547453
0.00926455368802781
0.008101617272862294
0.017027331898703757
0.0016920121700285673
0.0031407941907288794
0.04951829208382641
0.0857569486645211
0.004235670115791068
0.048416100062317335
0.013565292938277462
0.02671587226664851
0.018471022533121273
0.029436011114365
0.03178007443432884
0.07485116222221011
0.007363998230220048
0.0014689723591203574
0.00032212116982299754
0.00225987425723706
0.00029636438672686616
0.004585482231715732
0.009302726455675758
0.06333323344626463
0.0061953168162685035
0.03324334918287075
0.003828149435390227
0.05595840893993209
0.028739646519182926
0.046723623099056866
0.09069269094397647
0.006037066597556873
0.0023600190533501486
0.002189773779584181
0.10330150965969098
0.009639671434695796
0.05500404681787141
0.020728816916200987
0.010727024093176274
0.016140656761209682
0.0012659630103852848
0.037795952213220074
0.009615957632255645
0.010141213625292744
0.000887580984166414
0.014709538817938794
0.03405927781622031
0.052511511503516184
0.017032710055176148
0.012668578904981631
0.031563436686482094
0.08467027321322806
0.01048386025682646
0.012681640088930468
0.012279563287981077
0.08355569465699308
0.01110741972779139
0.0030918498648786485
0.05256349919208736
0.006422815341787347
0.08425787902543624
0.040266740887530794
0.0014544278507189201
0.01580054795485042
0.07098155501687597
0.008576071892719028
0.06198416131503848
0.00021973560580357265
0.004520650881466581
1.424382087855669e-05
0.00017963996828163076
0.039795273657463826
0.17012201643265423
0.0013865410737965433
0.004011183835122667
0.07182142397804503
0.11707715723386958
0.001532484950041768
0.0012271445853127005
0.051405441044699574
6.217628799620734e-05
0.057551150413605034
0.07115585700911553
0.00016102569797360466
0.050429626137525
