0.004729580518808785
0.000720776357529429
0.02105036376644498
0.0042091698200699135
0.0067381160677550955
0.044679016577788166
0.07159728295541345
0.001247824339335235
0.005496162998266829
0.01432416617013299
0.07475903201988499
0.020402969747171262
0.011380429662141367
0.022472865089936844
0.00475300154221836
0.07420694338195721
0.0758118603265514
0.021901107278218257
0.016712068236833577
0.0031080162425494162
0.021920298049775244
0.000631945506867515
0.002729220113425246
0.0006939008468063168
0.009181017929898783
0.11772854879014316
2.6315469432436345e-06
0.0015796643314867076
0.12689958005110635
0.062170756423610474
0.052678084612262976
0.013626372930614084
0.009941798513565692
0.004885718696101327
0.033729555945331224
0.007647772612395354
0.04910371293128324
0.05416113601018324
0.00032686489351707593
0.004010024193243478
0.0007142030996576398
0.0030892672261801923
0.07300701092153239
0.003548237087935169
0.0031728218415914
0.019324906950549003
0.0002556905022528255
0.16977513211961082
0.03713091911128452
0.0042820902551903295
0.008965040002002933
0.08615496764451969
0.10254215525346466
0.009048879331623683
0.019115750212524762
0.08063044747833525
0.09890113751245466
0.08338071961868954
0.026939215443870124
0.06818123696503564
0.0032720862839561438
0.07919684008036487
0.018460159569587242
0.007866292789196594
0.03076343480855548
0.07716486316774351
0.2007985887420618
7.404958475976109e-05
0.17284426647526563
0.041819445093123964
0.0333113751929901
0.03646371482451438
0.01221438381507367
0.027274047184416172
0.01344938457198852
0.01358496002278331
0.09498986606373006
0.03248085672403089
0.0006092965681234741
0.04619853020475473
0.029536218668389846
0.0025658389714158236
0.0013324268032499642
0.02951019087225859
0.02307604244659367
0.017395607736491403
0.03265542154194723
0.0424034598911891
0.013275498938434271
0.003088031149439674
0.004700099370126942
0.0025881375997010014
0.0016168925613746499
0.1848481634620993
0.0006229742908183677
0.009079704869737748
0.009029590747585914
0.056928383646063674
0.026225557490059392
0.011502900812448535
0.02054797359924998
0.02098652040286475
0.011542329703666532
0.009313779117288812
0.0010764604496673602
0.009976846618607427
0.026302314883318356
0.06955588124669387
0.024946176618241278
0.003876826358386154
0.02164861324227174
0.008326080023901561
0.0016297070136712666
0.07731016259645762
0.009171227194323173
0.001740861019448925
0.016333462732841975
0.03703909606713518
0.004519627149562222
0.0006422698100629898
