0.26225482449621085
0.8530058735812298
0.752625713076382
0.42463507959183694
0.28933534249222304
0.8954870040984086
0.4627347562037629
0.041042922544635596
0.3846750627402349
0.7100622291091301
0.3161744343323484
0.2538413650421003
0.0319196744528758
0.8750458643532009
0.601042261904246
0.3295455448111356
0.8710829438478342
0.40286943088052174
0.04049585977378012
0.09385535079375838
0.7050961896630314
0.833663690699975
0.8200567319069105
0.5336041651377486
0.7668611994634895
0.9664505230490708
0.08395666581928007
0.1431555955269619
0.26956514381433627
0.6845466362377519
0.13481413382908447
0.7532317859398798
0.2922197594877317
0.6629374306363673
0.8776477526066924
0.25947151550265246
0.5766186845829815
0.39933156399029035
0.23187291750815364
0.3574322864564757
0.42993817119790867
0.01699827204932311
0.46361656124597816
0.9727389654665257
0.9845574652874693
0.7483577886159465
0.2486560897658828
0.3403896121553064
0.24890251333621682
0.4375650665824563
0.24546155019695415
0.7112341190686546
0.09425268432841971
0.9068449844361692
0.5354818457800226
0.016548369389261186
0.12261913601038077
0.8061940299201483
0.8890959016932596
0.38914462306267517
0.9697980129465702
0.6586574121725939
0.893181322435098
0.28454723201292187
0.03487341579769465
0.047585997438085226
0.9929944039373604
0.002114122290102216
0.1355733487406763
0.8895624162933204
0.38210284658830895
0.10888412301439909
0.4162240885039967
0.7086520305431623
0.9361282149087093
0.550463555616603
0.2586522990268853
0.625028879077465
0.6074314172055352
0.2554122636234348
0.17407149261754373
0.7776142837692004
0.29723166197427653
0.8133400059033757
0.635390963714636
0.23368060939207938
0.5944576272716089
0.6049426837757388
0.9428637145690419
0.08795845775240281
0.14536234688968888
0.5653036719535328
0.6519550247344994
0.519054407916597
0.6429883375651491
0.8172306085840262
0.13908214422112564
0.3318784816173845
0.11682028763604468
0.959037995535533
0.4698748969626027
0.7552185981525876
0.27672590124947516
0.13750098204458447
0.19373465831042144
0.47770213823144864
0.639492110259098
0.26467789617306753
0.5161809688808352
0.2975328139550275
0.24316525103748288
0.31995191599490563
0.9330280606795138
0.7757545387911273
0.22465143972199808
0.4165563159462118
0.7499441924555872
0.05511355491905308
0.4556968432193477
0.13686475283395616
