2.6611157721845302e-11
5.98887228524525e-05
0.00011976882404596267
3.715539621751418e-06
2.4314303859185316e-06
0.0001538904125288898
8.073217296900026e-07
0.002658569399293098
7.523342143267442e-05
2.54537703290314e-05
2.4425275311212857e-05
7.305989488948228e-07
1.3556204561115948e-06
0.00048036125593298173
1.2807848038587366e-05
6.805529141962197e-05
5.564024396775835e-08
1.2764360508565886e-06
4.369481323651669e-06
8.297200193574383e-08
4.0358996167277894e-07
3.7059194046840105e-06
1.5552805754381893e-07
9.536223087858176e-06
5.686294626761068e-05
9.056694239006902e-08
0.00011320235507361609
7.92256239721123e-05
5.5387442305931955e-06
4.411465881259957e-06
0.0006881301091186121
8.22358241725496e-07
1.3824106348536702e-07
7.835134640865604e-05
1.3401909582100302e-08
5.670366593601983e-06
4.252091333922792e-06
3.256629263148625e-06
0.00010839505489101953
8.364546166816922e-09
3.869136825307429e-05
3.029274608934429e-10
2.2418084385966708e-05
3.127942487246571e-07
3.601545295617292e-05
0.0003210110575631031
0.0003894460635929242
2.038600155351844e-08
0.00013371207961454523
1.8908698715680572e-06
3.518136615365819e-07
4.119201379992887e-08
1.1107581521230259e-10
0.00034292799661672646
4.885587356895371e-08
3.5846170920450504e-08
2.458295037843783e-05
9.235118447747936e-08
1.7023808496219317e-07
3.4947940093621455e-05
8.733391065884888e-07
8.136380458267922e-12
3.0511769975039016e-06
2.7687758525019035e-05
2.350801105155398e-05
1.2359486892155047e-05
0.0004325073083515374
2.562383784265876e-06
4.527501646922616e-07
2.0692354264717494e-05
7.165222145832928e-05
6.023107790298354e-09
0.00012761598454247292
2.358077635156164e-06
8.802852646150328e-06
0.0002661312106697622
1.745788792417713e-05
4.186973631536972e-05
1.1237104452721525e-05
5.203449145585459e-05
0.00034038952505488496
0.0001606224913630605
1.7155571682136994e-05
1.925214913267581e-06
0.00038153134232721264
1.1851585943301046e-05
6.399335686246843e-06
0.010694463349458783
0.0003302166148850816
1.4330061395284588e-06
3.8374963636567117e-05
2.6365800282368568e-05
1.7289479296689336e-05
1.417094285427467e-05
1.0354629774722568e-05
0.0009312996240133931
3.723546011236145e-05
1.35340156268704e-05
2.7986574924199203e-07
0.00048703186211707106
2.1127185201308407e-07
2.375154428690962e-07
9.980373302131973e-05
6.270037711253451e-07
5.372485447630027e-07
6.378942553286748e-06
1.0618503432091586e-07
0.00010248667351198115
2.06613341999784e-05
4.579170032048552e-06
2.4233563398645686e-05
1.2828229593697671e-05
0.0006343050020518604
1.6989490816410324e-06
1.0540175514606176e-06
3.6729194687668e-05
9.741876674240757e-07
5.52049783664188e-09
3.712901823238468e-05
6.395028491201771e-07
