0.0005848524128257981
3.6387716484398425e-07
5.163092510862555e-06
1.5285928912867064e-05
3.539602436131162e-05
3.91821439826856e-06
4.5367933695139584e-05
5.235890032651014e-08
5.811912919373441e-06
3.8762959170490774e-05
0.002778596559835922
2.1404162953153616e-07
1.2213362064139588e-05
6.511231214201274e-07
1.2256759673867634e-07
1.2546502190513564e-06
2.4926036179540034e-06
8.504892758942617e-05
5.7410196152574144e-08
1.1040603562495477e-05
2.2597404458757353e-06
0.00010645036713019529
0.0011987085242888273
2.108962999791686e-07
3.230279784482981e-05
0.0007650508460854688
2.8278760013655813e-06
8.168765929905675e-06
2.7618319774047606e-05
2.092882477766622e-06
9.776300329233933e-05
2.616475699723786e-05
5.2880950816458494e-05
2.7419527113714537e-05
6.0209727772431165e-06
0.001557992188963464
1.416710534218879e-06
8.007104663088072e-06
4.8318926140211715e-06
1.488859881915161e-05
6.478495900563708e-05
1.929646782361516e-07
0.0029533262609833244
4.978915891573621e-06
2.039426516553533e-08
1.4636608206330948e-05
1.0734348210306166e-07
0.0005295292123361772
1.230889333370122e-05
1.9926231489275636e-06
1.4097426581649586e-07
2.319596958955117e-09
2.43960281796074e-05
4.441321179404767e-05
4.2527171786321816e-06
7.039258128616055e-06
0.0004968520814254695
7.556535397412745e-09
0.004732792087429161
0.00024595868766819073
3.7409226583129396e-07
1.1834182078729327e-06
5.3896832388211635e-06
5.5367187075550106e-05
8.582894523989637e-06
0.002703097783814723
2.021131786511532e-05
2.6607881675744238e-08
6.848952516236295e-09
6.421920071231213e-05
6.924538365149502e-06
0.00020176596584486894
7.269065660509e-08
9.590091977873527e-05
1.7123227769033633e-07
2.583037073122796e-08
3.1008393026610293e-06
6.799296301318591e-06
0.00833396546134213
5.289594333879322e-06
0.0022957059185360063
6.2233100370789884e-06
2.703981141216616e-07
0.00012218458348534078
2.3347464475076407e-06
0.0007128603303925285
1.9984479127987953e-05
1.9101373345042916e-05
4.53870840533277e-06
0.00013639574335000404
8.078588020765665e-09
0.00032819503146885864
3.934655166126788e-07
1.4468208631157609e-08
1.94919003302374e-05
9.403635623517204e-07
6.267580805374706e-05
1.1337861072213684e-07
1.8702823335825514e-05
0.00018577509126771474
0.0006892262028919127
1.0898440894191452e-06
3.983242209182336e-06
0.0034031376547078995
8.253042558248325e-07
1.4006075029548981e-05
2.2726448695165047e-05
8.397723916253597e-07
1.3809664666464272e-05
0.00011791970965391307
1.7910057607206653e-05
1.190921591365246e-05
7.757308906342075e-08
1.8433331974154754e-06
1.7730660901715822e-06
9.251518422459526e-07
0.0002509962988528347
4.363289553732663e-05
1.1211709050051866e-07
0.0004607144378110384
