0.6769859839145311
0.38585989467004067
0.22312663086585613
0.05646248469484886
0.27195438838058245
0.02052417560963043
0.8933786362167735
0.9295314566222985
0.9354021268911072
0.732198290427754
0.3840916694005334
0.5252513520206412
0.5163909527043762
0.6551265137184155
0.11526358382289882
0.06429603078112009
0.6887359290515471
0.362646361428869
0.5841607454151968
0.38416788010957736
0.3697986208768411
0.9645335645880584
0.32958271620713697
0.06817589397409345
0.5529355538982114
0.8905862743479628
0.18310438732770407
0.39135940465562125
0.41119285468224204
0.42985853384532935
0.49304875463423525
0.6516216907935029
0.19341615720920147
0.43194892217603825
0.38702922292115294
0.32874145369697105
0.6483612201631366
0.9066986575310769
0.10712106109606898
0.7417310459479304
0.6396329501211109
0.04357037126203922
0.09337476373520914
0.9201797419364293
0.5825029782272086
0.6429500491807238
0.3068098630593347
0.9454701937432146
0.26958719133114384
0.9525803293018269
0.540412316583911
0.06764584574623919
0.7472236703963783
0.7924266093909207
0.9907816929233192
0.6181446306428402
0.5069703512332672
0.8065473166724468
0.825462206724811
0.3505685793087866
0.2559778447291882
0.5724431631245557
0.051765771143924555
0.9319822262958832
0.08046791443726573
0.8759869747079059
0.4911122784775499
0.5468514382883417
0.2128282528624621
0.9672967891823807
0.01523754071990052
0.919544072415522
0.3445093815923166
0.3081788534416181
0.5994065167348617
0.028341649553663695
0.7367339354938365
0.34821421197583974
0.13797033347479104
0.4054604469565952
0.9428767958722857
0.3651496447333056
0.893413322376275
0.5209566114872005
0.8996429566666928
0.932107574566615
0.25082836534910014
0.26566020929290035
0.8550240357351142
0.6980606296916805
0.5918735653533873
0.9721704326851721
0.4732738903825907
0.2912299632758614
0.4658806689496127
0.9809217497100076
0.9861893397617585
0.6268271592345175
0.6074198498314882
0.5119559799397339
0.8027213984601567
0.4280915597202706
0.9390986379955409
0.41240384039318734
0.7263755638992164
0.21859484515965777
0.24243570182713414
0.5891222462462433
0.8961538113674357
0.2844392198195713
0.8586093444332643
0.938412367973818
0.8718667428763626
0.3530293381681039
0.7260999370003204
0.8908682004755493
0.6430918051740356
0.04533173946428626
0.6398434127303385
0.9408769395252569
