5.690374262901088e-06
2.1202896862693166e-06
1.641146376307745e-05
1.8499937137761435e-09
6.765221857918391e-05
8.545019518635399e-07
1.0523336104739656e-06
0.00024379586261846775
4.7266303759840866e-07
0.01044918808994888
1.3401903078413824e-06
3.762557656550314e-07
7.657072745170801e-05
4.430568334434781e-08
2.339025270137185e-06
1.1099240635692453e-05
2.7921083445292538e-08
7.130245492037446e-06
1.206147458576723e-06
4.1324671373743627e-07
8.102898743089781e-06
6.233344951311892e-10
0.00028331523207247855
3.5014599391036683e-06
1.6323404716800383e-07
0.0002188036162962259
2.6807438269216277e-08
7.433639310772122e-07
1.3651629520161634e-06
1.1886848248376936e-05
6.205018965310671e-08
7.072669339081017e-09
3.927532019476487e-05
6.117389269588713e-06
4.171512220541018e-06
0.005965587258929039
5.17457651039166e-06
3.633933711455484e-05
1.0874448008735271e-08
0.00017384501445594225
1.2855484757379187e-05
3.208094146778251e-06
9.095161401795337e-08
1.4299531869710336e-07
2.2989519909977219e-07
5.985512947503935e-07
5.22941251412945e-07
3.931859678063532e-06
1.174213142518532e-05
1.8195652429220388e-07
3.303724693815013e-08
2.8586579632339237e-06
0.00032128680973775303
4.498603630032072e-05
3.299891792041265e-06
2.2700489401783486e-05
2.286915617322194e-06
3.3562719605750857e-06
2.7824984845103984e-06
5.031108162567577e-05
4.050593992932505e-05
4.679799461282386e-06
6.270966151222801e-05
2.162254281179443e-06
5.993863150255407e-07
1.8328136464074163e-05
5.280843331512131e-06
0.0011624917795141076
4.642899707141268e-05
3.310922380705961e-08
0.00017020071636997258
1.6744253139577836e-06
0.00397844111584833
5.541596284075467e-07
1.7351530602782717e-05
1.9066107619369888e-06
0.0003864529992672061
0.0004644560606961168
0.00017361256076986464
2.5108350608427088e-05
2.9292158591154305e-05
0.0011526072313199354
0.0002689950546239661
2.2669954261811398e-05
4.217231739378491e-07
3.293848764629459e-06
1.4257137637141426e-06
1.3029196443747892e-05
9.949120275853929e-06
5.053707905267046e-06
5.251953358875738e-07
0.00011669110274259431
0.00032291474480117266
0.00014598964875345288
0.0003710114638095785
2.453044063432941e-07
3.454541524838817e-05
3.3648870378932827e-07
4.293266349253422e-05
0.00018194585291197996
1.2897616457507866e-05
1.0268692443915484e-05
2.923123446629816e-06
4.018389493598562e-06
5.830856345800939e-05
2.3182599173665608e-08
0.0008718319136380437
2.2556639670101575e-05
3.545261963999735e-07
0.0002707811296063234
1.1035754665433828e-05
5.996990002365976e-07
1.570520400329123e-05
1.7636009457255852e-06
0.0005635086626374353
3.1150580102723424e-05
3.05487017526751e-06
2.5274707970979193e-07
3.4474344320356565e-05
1.9510657411903054e-06
