0.34529877723719515
0.5311778852904234
0.18564883171968122
0.16314793049512713
0.5024813402244716
0.07779816147841845
0.8001621394278116
0.31143783680783343
0.3768120536395309
0.7096761623082228
0.8642096815097258
0.768916258033743
0.5364151450020027
0.5187443535229267
0.5185636549238228
0.8150862436773694
0.867711443951604
0.8884087943106304
0.022321264917876577
0.6684300234621865
0.35404008529946385
0.9113566704568752
0.6760332717352582
0.045021862551547984
0.7103053710628957
0.031084728446740893
0.15476929504878717
0.46747689764561456
0.44467988294650707
0.505277035654103
0.6822083518121329
0.6292814783594072
0.10347697761199696
0.480927439907211
0.6355539643419224
0.08063176962526297
0.6714407608936965
0.07340402146514124
0.2645168698558305
0.21443048875308995
0.12307186485311328
0.515892536902821
0.8954036379977209
0.947802875554668
0.46951966916513055
0.5801395486490243
0.3119004856228884
0.6325585087450933
0.1727037094430368
0.5953559362213896
0.08095342026811674
0.8096062687056849
0.18524975794069068
0.3732469335097301
0.8633614456139259
0.32390084792517193
0.20155027529943145
0.05211755677447107
0.368435132880537
0.9948957615816352
0.14305714777257772
0.717053090285215
0.25621184340280134
0.6738782450687373
0.8810616051033627
0.6956974773072955
0.0950957689081495
0.36025946029204103
0.41999873550696076
0.07385108664014806
0.9656779509893305
0.5208429169346848
0.27030541919281226
0.9389594598988675
0.8098090924546704
0.08298827662663641
0.17639880510194078
0.07975454745595933
0.5892376515392292
0.5585606010640223
0.9426522826102695
0.7486991049320169
0.06459176676148526
0.8258454063996716
0.3572546121079383
0.22696447610167095
0.29240357380356774
0.9094421207977217
0.5993633785006427
0.18011682813161722
0.6983905334060414
0.32060963435475887
0.758878615721784
0.4576423795770874
0.556752255418594
0.7120560403618394
0.8713594206994896
0.8337488037141472
0.2245254937020147
0.2776068896344368
0.8229300359588783
0.7451367838991546
0.2858776030163236
0.9799386320963137
0.2721495315317746
0.8616490294895688
0.7253315810213201
0.5528596790830264
0.6023773135149151
0.6104376740138415
0.8542746830522229
0.6356378629339372
0.3301053071239321
0.7141031039236151
0.7075717712739686
0.18540803880762308
0.33087963341348253
0.33641983223091254
0.5734066984200086
