0.3378424116293809
0.5545672235142018
0.3231123036839805
0.9984138378316298
0.4088113728825027
0.22265930072406026
0.6368214539531671
0.692182093524162
0.6500423240026711
0.9481409314529122
0.3075649490668382
0.47478978741929645
0.7706668392096343
0.4216683710586986
0.7115005273963543
0.6789808515912377
0.9380936340978668
0.5168689935055756
0.04977826324626069
0.08196179685013365
0.06068596858207154
0.8653686509653273
0.9806722411341422
0.7926947601122596
0.02285067771471816
0.2913526936565547
0.019976524315642674
0.6084559016898715
0.7992978672562764
0.3079820795900583
0.20740118050402537
0.7403891887081924
0.7646985885206422
0.7134148771767326
0.8484920924301169
0.8695742836579254
0.5887020371129081
0.8289959331337704
0.7750553784038183
0.7870874225079086
0.24621529174223222
0.5348393986715592
0.7299800709892725
0.13729373950494184
0.8434317039780004
0.2963092161465948
0.6955043129440104
0.12985833078984874
0.666263787656979
0.3063672265428956
0.9919302383792232
0.6718362263477708
0.8281352670369133
0.8663844877250803
0.19329698869491296
0.4996912290006379
0.16237957067005906
0.8370909223740479
0.5713382266578004
0.000491101662092989
0.13378170149385493
0.7567143452071141
0.026113140812125075
0.6703988765636852
0.4999329057869466
0.567720871430031
0.02096704350939871
0.4984927343649961
0.030611316403367096
0.47322748141418675
0.278117664748764
0.2826338947030955
0.2844744296892163
0.30414354510533936
0.667005966961449
0.9443857221218557
0.4867131735908148
0.8361298037186976
0.9306883455021049
0.013666373093237372
0.472000982117339
0.2891184864140046
0.8213185712436668
0.8681543520259706
0.48095170012022304
0.2501122305965331
0.6946144951609081
0.06660883920516336
0.6946748069272615
0.03970966071685894
0.8903038043516067
0.8892662772108113
0.3321776217682397
0.008872072141983114
0.3204124270024984
0.12968152131149824
0.2583581513060663
0.16837726335748582
0.24812516227778758
0.2937187691606393
0.5403611829011761
0.4402295730559693
0.8235066319125378
0.34691538650443254
0.9800434383054742
0.970364738420018
0.269970917281138
0.5351860276933043
0.036576506416776455
0.6564047736312812
0.6993936457165735
0.5940522712632893
0.4198715674666682
0.3002325115029083
0.3542149115746318
0.7829739577477723
0.8243291966417086
0.44117762450276565
0.793191830265908
