0.9204976889537391
0.7405621592380055
0.13509361023655542
0.06173052372068778
0.24165825232784321
0.28827443224350685
0.06715030793434718
0.6070110857329044
0.10070643775769561
0.37919052852215485
0.029935149524953443
0.4880192168030403
0.3122624372738023
0.46418281921091487
0.236742307182912
0.6937601406959343
0.484622166076529
0.8891866990558854
0.037485083665483185
0.6789891761815927
0.0953489155819407
0.005350040495788688
0.3908428936949468
0.47902885917707105
0.5777329040765032
0.09705880109776202
0.02795877936044766
0.8734634431718595
0.11547136423058761
0.4586931121445901
0.6017568588123526
0.3932757407038303
0.7020649279326787
0.4626926829122304
0.22817393769955885
0.09455519763317
0.13734186146692307
0.6543976054390725
0.3386014249023077
0.5827354672459598
0.15571998445490834
0.1582372958007281
0.05126320887973801
0.5043917237517741
0.7550282805409466
0.08715551957253242
0.28373067219144565
0.6605932268358088
0.3916733815883112
0.9473700877183737
0.19993693673147525
0.17604532542334406
0.857592168344667
0.5352492786551293
0.3174268502286748
0.38186945456772303
0.9567195894941756
0.017018746554211095
0.40539104477846877
0.2756103078707166
0.9739775890319075
0.25692607829622394
0.6379702160251435
0.9933755186719981
0.9755810043570726
0.9044995640461608
0.17833377269716277
0.9372223937562463
0.9425902973796796
0.3610416691301839
0.31213393721188337
0.4615779284844171
0.23938445466186886
0.24905860927835852
0.6830266150515598
0.5664738643754867
0.03865017266327901
0.11058961156245593
0.3767995158891868
0.8921292296700353
0.10879411711675613
0.024866498495677458
0.8943962318882082
0.4580229457706019
0.14418863702484414
0.9718758868067356
0.961139760996959
0.3248434238981442
0.5929902086478686
0.0031297729513768413
0.10132282512080018
0.518185521034427
0.167823300868798
0.23669793322511334
0.37847381884248493
0.8709935154489885
0.5934604562639973
0.32108681738287737
0.5630179000368305
0.16542726005846656
0.13993856489539166
0.9657410394095706
0.6904886716968857
0.6962653805191279
0.7384287686760362
0.0144735068134687
0.2286935116611608
0.490447500064084
0.19938554727029345
0.5520597643802558
0.1318411573143905
0.9156983958184062
0.9007190636652829
0.09234667406160521
0.6107387187292505
0.5842694796753594
0.6606284219188463
0.11543762499528376
0.1350378366363778
0.3265076024604068
