0.02422959849712504
0.36813769844787947
0.5998309515785073
0.1745299493745998
0.9497931630627217
0.48466876385575697
0.7405826515974951
0.4116993511771086
0.4515556922304884
0.4733089367255301
0.3632598763609737
0.38471503835691157
0.46626063192699696
0.7656905025104538
0.7945243385799812
0.19015807068517132
0.4053383076936121
0.11281073513653528
0.7061334494623415
0.23362995775941642
0.5611912293300045
0.9177704257926644
0.07254483391090097
0.18653814333711133
0.10845118975636034
0.43783749544855066
0.16975119140360836
0.30928536395971196
0.26923456382965827
0.40993766238029794
0.9920777046770393
0.24146859738456028
0.0006778199127788734
0.895161698344567
0.4314366820733039
0.0751549132968247
0.19892804950969234
0.9048300960131253
0.22664581840495068
0.6175711807838205
0.33244972901539804
0.8232500201473268
0.19059621068070465
0.46724082209056106
0.6684110268124409
0.31987357308421216
0.8924308196215971
0.5354391767006981
0.4890877615545144
0.23079442867688835
0.9104553345432522
0.5821892699253315
0.6135546349140328
0.5231585706819866
0.2908683547728764
0.4608560826258805
0.6912584316230121
0.7073278966165648
0.5996499074437763
0.6984992900817244
0.4476260924799288
0.5262694655794744
0.3313948543781523
0.4847611872720332
0.48982567219221274
0.5564107735876926
0.7767635260588717
0.19199845737483434
0.7341801127220676
0.23691086430915206
0.9520747504274765
0.9959419835583001
0.444850168590205
0.1382839412263028
0.5245692498535413
0.26668487432920096
0.3658017048244382
0.09360431904065476
0.43024925630262434
0.775566551609024
0.1345217581937186
0.06368176049229302
0.8677203427915641
0.29269489144253
0.5266054209262951
0.9082974842033373
0.5026323865830964
0.14769423192775077
0.2244325668033864
0.8392876060629434
0.4230418785391829
0.9286038727124357
0.41562715032213665
0.6701241851483711
0.35919237328182424
0.2133460502933957
0.23504755398851665
0.05374503796370637
0.24637455979876832
0.9834755496192749
0.58531255750947
0.24174232465065237
0.3465896968135557
0.06499403454528105
0.7674646051544044
0.43625278735659156
0.5579702679314889
0.19864118656563204
0.8428290318727123
0.5794833123108316
0.03465387439728396
0.4259121704467881
0.22266374983290205
0.7411484028767024
0.35679784517712076
0.03467007215035443
0.6608899530913072
0.5998568163160581
0.9471086852334936
0.7744282008562202
