0.7203951434164784
0.8705101106921063
0.04931148590389453
0.8174463641269598
0.36581291253777765
0.17992629949301153
0.4536632259707122
0.12819274376003162
0.9255106319063824
0.7273036209076853
0.8806369828024747
0.5530129377939705
0.0741237041893239
0.8185793566348629
0.7470997349902577
0.6107809987540446
0.199857144595128
0.015768923550887364
0.6622119625247214
0.20258852501635016
0.43171283982392794
0.5163074247153956
0.1725213091743354
0.84085102853672
0.14758549915090846
0.8002266085115395
0.19617723571782464
0.34957810172842224
0.14408835796859093
0.85551809974588
0.8881971003604492
0.46901137639505214
0.4522252136828354
0.20819417068963686
0.2524414219649378
0.22603767935119135
0.9584113674687837
0.05490199102195927
0.9201884534679838
0.09521117721095451
0.1636329742156235
0.05267633085361134
0.2331775789966067
0.7962166707413034
0.4777979085192605
0.7556260699831479
0.06923230574282806
0.27112922258241945
0.02306220833430994
0.7395138193834614
0.6827559175472743
0.9566371597383544
0.6033991637320772
0.0940670670547526
0.0708983406053374
0.6638582592151376
0.14241738272492932
0.8418079290180084
0.3706837159001848
0.6214333687979827
0.20826977417346249
0.6338628468194275
0.6248238151670282
0.4768622545328764
0.7641146653477635
0.46560799009241083
0.5094262439218499
0.6565537251317524
0.03289666675207803
0.35948957791010905
0.9578060815827694
0.4618121282557519
0.9187144917657979
0.19068970379792685
0.3002379325996116
0.36987321067263346
0.32607848378493043
0.8084249416619133
0.09732456372278642
0.9269844808291783
0.5084640715693715
0.8746887100812406
0.9716871045981869
0.9563246403282204
0.594142584334093
0.19195406378672764
0.8769236150551557
0.6667701689917764
0.3056180707147955
0.9151008725325476
0.9767737947011601
0.7772308722270609
0.31481982878905757
0.758355085140027
0.1107341329104441
0.3594082114748105
0.7357699158374177
0.5131230611242119
0.12190048539020755
0.8585176947299997
0.6692761493303663
0.5725836253972757
0.12553999588314357
0.11016007260223115
0.8007867359353023
0.4395161496292095
0.04501638431012586
0.8345826203290715
0.6369827113912148
0.4996901741414723
0.7507460245955924
0.3568933902844273
0.42945278357554034
0.5928301923099294
0.3296810152654972
0.057402479664645734
0.44737422526984716
0.519017674917607
0.7754588673434006
0.05485985394748334
