0.37289194787096713
0.8805752927861668
0.9501486461096256
0.8230964970421448
0.024289740180601465
0.887503996622476
0.6172785910261103
0.8505989740639495
0.6157060434820515
0.44069635705686094
0.3730671138768754
0.26525910505227607
0.8543660980513113
0.6231405619025376
0.34853049872235076
0.4767188279825908
0.33073128911225413
0.1430183855676372
0.5392980278171338
0.12563396355450354
0.6994996789779465
0.814103741561115
0.3922000534313173
0.9817464486156744
0.6186023895544671
0.9354484702458914
0.9453370256201062
0.16106932720256154
0.7138814897053363
0.8168207683643218
0.008865341343445243
0.025206282621896614
0.05574379781997707
0.128536660038981
0.3218585319239698
0.723517789524623
0.845614410993327
0.885104325118842
0.8430523149494901
0.619787562149404
0.855310992150118
0.794789418429456
0.7972067684287902
0.7022864162239056
0.5042245584886751
0.8015001370031528
0.012109168917201166
0.36589885285808244
0.2595995115754137
0.7399976787869615
0.7718957701357678
0.12436910563466885
0.5489815442086365
0.7641248182539798
0.9346217854873614
0.4032638790101949
0.6019940083692707
0.12312979123028311
0.22172869867581152
0.3917247321499935
0.12734158194562178
0.04633902374764804
0.44676369641639213
0.6232853877323397
0.9320052003770996
0.42181945151436273
0.13248384169919822
0.4465626977752754
0.6925562645941745
0.07102572865026358
0.8849606262657168
0.2354279779099408
0.6617673058909561
0.6622895634438107
0.48829049158689597
0.7680660928116705
0.8745613429080237
0.4122965448628147
0.8525319033008091
0.7943495039911669
0.0044578837481526155
0.625242108123409
0.8379180668699733
0.36004041487722915
0.6241074973638779
0.07867170015614973
0.9710256220258836
0.19598590138862337
0.1476810896777282
0.8054088471639949
0.34864808397588654
0.6258321164882965
0.9191920877942334
0.9877668188964864
0.3324064936081999
0.806737627401908
0.9897986199540538
0.15644348190487967
0.7611064870471311
0.7242425918843102
0.6223259184842027
0.4413243901701869
0.371180436891652
0.13663943124039787
0.46888183226556
0.39962986472103235
0.9914327381293582
0.32857090809380574
0.6111337951388929
0.5428226567125739
0.898198453521112
0.21087566549327041
0.23574429794582707
0.9639137118306925
0.9241600940951336
0.7133596058799836
0.023882169582987237
0.24301941346869846
0.7016227017720091
