0.8634258766384524
0.6200537848214266
0.3569643302833683
0.729185617147228
0.012945115808979344
0.2875798237402707
0.7237325893628814
0.42083631366091856
0.629285332798869
0.8936591802579436
0.5455392983361924
0.7312155324912546
0.06432570850822183
0.9124210968349157
0.22957722721635698
0.6608436461823228
0.9143506716409016
0.6539628358413838
0.2106285194323465
0.8313624403007313
0.26231573748587755
0.5234916701233496
0.7517101701028959
0.6418903425374274
0.7142606346680438
0.3164129973806602
0.915391737004389
0.4084277311335093
0.36134608644957517
0.3911585500397119
0.38973028955830097
0.6878811720881197
0.43754803828474276
0.734874404835935
0.6981028115816599
0.3310026131315453
0.06567836791392634
0.6925101651471847
0.3144350766937844
0.9562090262079874
0.10274134070927168
0.07630199179694386
0.40950123188521603
0.9733687400728296
0.1815133707528407
0.08633691510195018
0.7250931377227757
0.3418701064158318
0.5195456054147443
0.2716541065029291
0.9888155747050791
0.47975714255514723
0.027287362620279976
0.0641400322448724
0.9457547413939864
0.7408112377125946
0.17531299132609623
0.19255506988558505
0.309199162305406
0.9223694458983643
0.8833714846966164
0.30348288545430807
0.642597585806274
0.3692265225305133
0.3400644732326188
0.032241005889658676
0.0929149984135651
0.08523406661894625
0.18807483983023032
0.1932637547072093
0.6373994721302267
0.506154873604091
0.9944574791842915
0.9510266377608898
0.5784939419467233
0.7071583450103074
0.2758525332617716
0.2913746668463127
0.7370176982736534
0.6839941400281769
0.6443738561102652
0.05028287043703994
0.2969110127238586
0.09490696301256452
0.027704445686616282
0.5152790270609304
0.40028534190563153
0.8190831930524366
0.7141847313258081
0.3498941467280461
0.699728888618749
0.7125333211329157
0.3382012091428641
0.09070422296034697
0.3403043184755432
0.5862079004539036
0.2617165055859063
0.25576856244809987
0.8317124319869594
0.6024004072107207
0.3431150504349392
0.40242067647706814
0.2560407481765492
0.8725718140509555
0.16597251475666108
0.16243993331746198
0.9117214727802887
0.9025602184482446
0.76528696275405
0.6086849902667996
0.4391587506113388
0.6172903700982784
0.19942828860801207
0.82053700732544
0.22344075224227478
0.6673252783995471
0.4969911806109648
0.403721180476536
