0.6941747378314764
0.4640081243474936
0.6066684353931366
0.3710521545397486
0.8427746975450736
0.057237238394723944
0.17710642321807124
0.08930098142355607
0.24105562200276953
0.3936291887542549
0.07919258278355797
0.611949725790682
0.22268214529680513
0.4672262635743909
0.49308654784043227
0.6402314270632472
0.8598081445731445
0.11997413102226284
0.6646889657519879
0.040470721956188394
0.4532669503221888
0.5184381437026078
0.9927640837939499
0.07365305046482984
0.26512519978243776
0.343353133745391
0.23763099795056153
0.2612315305564737
0.2925502631969033
0.015068255996872004
0.9611423477286158
0.7269952333347542
0.4819980948307885
0.11723133874776834
0.14712217861225296
0.4539995715234941
0.3354334176928844
0.9771069217847033
0.6629705202508578
0.19089038227143695
0.27439259603057176
0.16642512514262142
0.8262309986702985
0.11604839820148606
0.21434347189506586
0.6950360034385378
0.33646167696771345
0.03257213705894552
0.2132431778014343
0.35481528927635586
0.032671665235887576
0.9260552265840727
0.46506144332947275
0.09239318744491304
0.7407050838387559
0.8604343465349666
0.5075668956999858
0.1306359302069191
0.23868685456883662
0.7657495265683399
0.2475804164628197
0.6615737376040692
0.4698960644552763
0.588706274847683
0.8414176700230549
0.5971839514622126
0.9942911750309928
0.8596201944104411
0.2751744199977287
0.07851888812468195
0.23604044913470834
0.46802826303446515
0.31508968218129885
0.6404725028289007
0.28343405484642475
0.19165560573972
0.27009805857719293
0.615350561037519
0.13770469344943415
0.012996273226606488
0.9094217242926276
0.6168856824971938
0.6564692610244933
0.09188062066961716
0.9791961240490341
0.41178710312953254
0.33263730848381967
0.37479861820332033
0.6263249618323807
0.15649542571351704
0.7635400451093639
0.3143347712097404
0.15714622042378693
0.16868895378961418
0.6294862556531953
0.2508518112879834
0.8598447610963841
0.08785488849302406
0.853310378327849
0.725041791969929
0.19144347300955733
0.5757284472996618
0.20175708997928926
0.16322219009426855
0.47381940636235353
0.9857267273882466
0.8051349056020474
0.9357964196139433
0.03848392438472126
0.9468571984908112
0.17738219445146863
0.9448104708798217
0.3891205727567485
0.15290312317907406
0.36339637904756916
0.13743490894233967
0.7018353328528079
0.17227973448065304
0.40706339517972645
