0.8449257072215075
0.6216047830320557
0.38416175408327025
0.05684954177817235
0.2397267675363001
0.5792382826608251
0.10503592497869423
0.08626652541796642
0.6672072099529032
0.7844788543557732
0.2114454118730722
0.3622251460050054
0.3811985844031722
0.8839850769371917
0.09244784966950513
0.7489518257472512
0.8708606099770786
0.23580958361518323
0.02740832825894281
0.46089069419295287
0.12060144537969975
0.5650003236148453
0.21922259226838547
0.4897990942906989
0.6347117836584906
0.7053648014205791
0.698828705208982
0.8154157187588198
0.8990124258711905
0.7273240625941819
0.8028865798994902
0.9374818096097572
0.14925163957736864
0.1200796368506983
0.39155290571862666
0.3918714525690621
0.11723537679084446
0.8922943852032366
0.03590152910498079
0.14092710139449638
0.3291402476883209
0.19689058331936904
0.07371266143740285
0.8396590106878088
0.776326003427261
0.6767375428613662
0.40513806354648735
0.25766412129397787
0.9283500561422385
0.5847858119601297
0.6028720037064725
0.6732297399796858
0.9564157156847968
0.5620327693695548
0.47559341135717237
0.7697566042708133
0.24949241402037015
0.6812117599694794
0.6195024982041866
0.5276641348760553
0.17122867466807667
0.28650500473188667
0.29671356428781065
0.35012627231622084
0.3579365799346572
0.3281427815820186
0.5259414921259178
0.7180873925387046
0.5164945680524005
0.584109282131626
0.8523122865211663
0.7528016845306102
0.063670457693632
0.003459821042989253
0.3690752796571767
0.9773947730453479
0.12215434626205512
0.6507365186826497
0.7770306410891543
0.8410734525552792
0.06412176002855491
0.4204185967759235
0.16735439730248816
0.542923772860213
0.8111612171002336
0.0521637127303505
0.6755980024549715
0.8017842770769679
0.9615891260440971
0.5547274120529878
0.5696710422175861
0.1335910268552778
0.656681569716793
0.10016457508618792
0.9995763475465357
0.5620346463465984
0.5574478795072048
0.5903847579267264
0.4700506306367296
0.3894966191466047
0.15088187520365579
0.02270573671113613
0.9961495757119787
0.2162592284559604
0.5099574401251492
0.03765016594759363
0.8160838886808843
0.03728251588709089
0.23352073898953707
0.4862828013481806
0.2330207176138721
0.3739568102738151
0.032177713998013724
0.3187419105956124
0.8102781259491021
0.7941722086833893
0.26188911637801593
0.6895208886940805
0.32122969607605056
