0.297
0.474
0.817
0.415
0.301
0.85
0.098
0.252
0.007
0.171
0.441
0.894
0.827
0.301
0.271
0.619
0.883
0.195
0.928
0.82
0.478
0.8
0.627
0.369
0.612
0.802
0.166
0.723
0.397
0.553
0.114
0.389
0.991
0.609
0.195
0.557
0.814
0.921
0.373
0.277
0.353
0.102
0.9
0.241
0.098
0.787
0.17
0.0
0.817
0.527
0.635
0.609
0.568
0.527
0.032
0.851
0.737
0.651
0.609
0.679
0.454
0.155
0.244
0.294
0.965
0.628
0.396
0.554
0.468
0.693
0.071
0.073
0.663
0.347
0.212
0.416
0.769
0.301
0.06
0.499
0.281
0.25
0.835
0.066
0.401
0.146
0.726
0.421
0.604
0.036
0.277
0.926
0.913
0.011
0.461
0.515
0.399
0.169
0.453
0.039
0.905
0.008
0.187
0.314
0.106
0.268
0.14
0.664
0.707
0.102
0.165
0.208
0.854
0.741
0.6
0.405
0.977
0.699
0.982
0.429
