0.4502097077600904
0.5834971106253312
0.3270731178090107
0.718000721104613
0.2562126932908442
0.7448184454292228
0.22429734982077676
0.3843419860108743
0.6829293242488385
0.2570808939623197
0.3069105509758614
0.5626709154905856
0.32930911528310547
0.29953088474969625
0.5138506184312487
0.2751032247700117
0.3803383066149777
0.4787980108743842
0.2564097167632018
0.33838676637114606
0.7784674567305355
0.7214074091300385
0.9613534127406084
0.8950706248691749
0.6777299864955715
0.15217542643862303
0.24735642007796455
0.8312191058203198
0.5835272861934231
0.7288050342343486
0.9772671051939064
0.836188423252919
0.6694007625921117
0.4238040861225234
0.2441341440424205
0.8314755952000328
0.8391096518020704
0.9481260952304954
0.04875711929102344
0.13087033401952008
0.854723296087947
0.9157459981461453
0.424515917611737
0.06239467546623511
0.9901415726935721
0.2525985680484142
0.5440633218892836
0.9936883621660726
0.610390012567959
0.5894459807562376
0.10775315759480014
0.7960758309433796
0.4014917240491657
0.76331094304722
0.19203848520180736
0.2938112722912681
0.15747352655116903
0.2052130162273036
0.6184281928229651
0.22632788720492347
0.4191330764634882
0.13691980684839755
0.45839914087208766
0.6452993282188886
0.4769772056927555
0.7567223061917351
0.9849254998755314
0.28016063868832997
0.857462073314327
0.14796441702332144
0.3704029640667097
0.2624585987791803
0.4543529660689799
0.050453880971339383
0.5376007685532043
0.5846118169603463
0.6774872835587356
0.5442856082568532
0.7708579614213413
0.10594660242576759
0.5603777750763286
0.5354056571452371
0.4379674977047537
0.9641699392706635
0.2536662161856534
0.6916289563270167
0.3621292403755351
0.5398712804404822
0.290348501946858
0.6706336519453086
0.5351880223209347
0.5991125057270398
0.9885789249790384
0.44501784429894387
0.8745060291392504
0.7615910678318667
0.21169214537298264
0.1252299779652492
0.9236811540091454
0.2136684250746361
0.5491321622157844
0.3178973379165446
0.6803472440323195
0.798560098937876
0.8280428414462557
0.9733054147837232
0.7553955691948027
0.333061082226475
0.5022338128501236
0.6448422131274507
0.6205024415547542
0.5518931920799024
0.2549465949824538
0.08173757073282917
0.19124649254279677
0.42151897741638894
0.46702974782189055
0.7855270420406089
0.7248475094606903
0.828915294946959
