0.04851868575008422
0.5624238513163011
0.5409976697942575
0.71269610905021
0.08386023741680271
0.9305208254133985
0.772733550158557
0.9347183292115805
0.11267132144877556
0.11286236070500322
0.6269415178757489
0.3051563587842714
0.7924844200570117
0.44113453239597433
0.8479406595182306
0.4850790179834023
0.9190758999966768
0.8896350972724475
0.42620664762313654
0.538949708005235
0.6165228084555923
0.7978450588117847
0.3647016912812878
0.4187497661370465
0.8547024398932379
0.7476799365718223
0.5149964787319339
0.5071485063552155
0.26522640290752525
0.5958004866359015
0.8430576706070418
0.5629750263892146
0.08241322690490277
0.11387191696521581
0.39486052901721347
0.8374736015682996
0.8195504548390635
0.268013428578475
0.9488593199891724
0.3064930687109484
0.6375839657708975
0.11095796642244027
0.9773599462185534
0.7569770302371035
0.8414970217449285
0.317883042167206
0.6125033390280687
0.6355684008294519
0.24524272974287226
0.13066704467082446
0.09182186812062967
0.7469686224557492
0.30911401755017054
0.44140719425173214
0.42675012662243494
0.04131802546859575
0.004660806931749528
0.6378732919322079
0.06933515077839078
0.12659377155574303
0.7771840018492807
0.7095382925864149
0.9760618951345394
0.42881357661847613
0.845268310542195
0.9683569073293296
0.8936850866597219
0.5409904303922403
0.57894761122806
0.009582551365921788
0.11928893521550155
0.024115677994870993
0.5839713247082345
0.08245390418248491
0.10427776421001184
0.5723902134710772
0.8191923063433828
0.7201292802124117
0.19759873149427573
0.5108074374698737
0.9981500709798146
0.22979931067531606
0.5689311843795372
0.5676553854605164
0.08909172910463453
0.6904959650804416
0.4747598022648333
0.9724315037062861
0.039131571975778476
0.673191415307606
0.5113389107880429
0.5489616694077033
0.8883108064561791
0.5214760384723338
0.17014166593036895
0.8801926399343887
0.14430335910760728
0.7041309296664451
0.7746754828759634
0.8930404470574937
0.11546220230376236
0.6068892216434293
0.5950679556766838
0.9918058735534947
0.5199622050450983
0.06832992490490046
0.8922583307740924
0.3043002723351867
0.6097946371421813
0.9131713309325266
0.11857360969926872
0.06767030950939643
0.04702514162704752
0.5866091044228317
0.8626078698979913
0.6116113540017873
0.5452506782767381
0.016687817510372405
0.44872087574554964
0.935187995797802
