0.2816033100079112
0.6619983189681483
0.4593344445737433
0.29445712101613264
0.12725472532405996
0.6801047052889981
0.9362182776216273
0.9131808652067432
0.8610307601313802
0.6080302364224522
0.02214620208866891
0.12926500428743218
0.9872513904799898
0.6485211391899802
0.028024707553285566
0.7673736071038526
0.16778074837992793
0.9246525265243266
0.7949567131630548
0.270598647399646
0.6368641986340813
0.7312174941396549
0.32295178649424616
0.7105011748299188
0.8926028816141965
0.2559900429919136
0.943054280129809
0.9654540197584336
0.9670078915583165
0.152549907164801
0.24813471564660738
0.9828546572951242
0.1554185692346794
0.6645486928061748
0.6377878198166389
0.8345522371125242
0.3282072597280087
0.2814867996463464
0.5285788987890983
0.010037788563534905
0.8331481419984548
0.7270458575810006
0.9458008083824668
0.8749634898571488
0.5056913082444241
0.9638594815472654
0.2449293625273059
0.4848143757872031
0.8312807209598814
0.9560372395670294
0.3359342527889709
0.011967658709656659
0.40926927244912226
0.7978226667013664
0.28238282279724813
0.4113429421731132
0.526485244246798
0.28922945742491457
0.4311053682788899
0.18388677573779635
0.044166865621136274
0.2574379131160322
0.5612257225888087
0.38354102950534763
0.6571415224925632
0.7944180420815752
0.7898346769495006
0.5017132467555365
0.567518936455706
0.884565865103062
0.15067927234925782
0.021383147924269916
0.612335635161827
0.10401726209217599
0.6197012479904218
0.6604243849900344
0.5060037269595268
0.8782439420867361
0.3430935474739434
0.3649159138946987
0.9225236875192933
0.99725369045802
0.7064211914890678
0.2136115314117747
0.5070663836762381
0.7945058443187221
0.7104990383086622
0.695738938329814
0.4372863167890938
0.5145595412052049
0.15658584773929174
0.12335744994469898
0.5835039970421381
0.2541202182572452
0.7523028640529195
0.3975254740145379
0.46072270899300216
0.8637122576626266
0.5950559389111518
0.7137266782726102
0.24962946064147234
0.029639295692133638
0.33439009634446754
0.4723502818809776
0.8675479160458834
