0.262
0.945
0.995
0.075
0.119
0.69
0.979
0.816
0.789
0.08
0.765
0.362
0.664
0.092
0.51
0.306
0.611
0.749
0.114
0.873
0.14
0.584
0.031
0.286
0.82
0.764
0.611
0.459
0.739
0.258
0.793
1.0
0.558
0.267
0.367
0.721
0.579
0.64
0.796
0.305
0.507
0.583
0.561
0.586
0.528
0.347
0.339
0.255
0.692
0.772
0.598
0.793
0.42
0.673
0.143
0.688
0.537
0.094
0.555
0.091
0.322
0.091
0.64
0.89
0.217
0.814
0.988
0.779
0.617
0.289
0.64
0.908
0.559
0.072
0.011
0.718
0.803
0.321
0.439
0.122
0.028
0.594
0.589
0.749
0.738
0.7
0.403
0.27
0.976
0.607
0.635
0.028
0.089
0.956
0.433
0.009
0.507
0.689
0.908
0.567
0.046
0.427
0.038
0.661
0.218
0.644
0.242
0.325
0.046
0.212
0.151
0.622
0.39
0.261
0.301
0.702
0.572
0.693
0.207
