0.47
0.117
0.483
0.627
0.763
0.629
0.185
0.005
0.657
0.358
0.875
0.978
0.634
0.21
0.777
0.494
0.422
0.879
0.113
0.79
0.068
0.679
0.621
0.834
0.431
0.731
0.621
0.571
0.434
0.899
0.869
0.295
0.158
0.793
0.142
0.459
0.05
0.213
0.396
0.094
0.725
0.573
0.768
0.189
0.756
0.365
0.713
0.9
0.347
0.872
0.271
0.678
0.543
0.662
0.785
0.886
0.179
0.548
0.118
0.01
0.092
0.958
0.029
0.145
0.967
0.5
0.911
0.102
0.095
0.308
0.888
0.718
0.057
0.82
0.732
0.024
0.866
0.789
0.263
0.621
0.41
0.375
0.366
0.151
0.827
0.61
0.893
0.368
0.458
0.794
0.456
0.245
0.471
0.759
0.047
0.389
0.776
0.233
0.957
0.689
0.543
0.496
0.313
0.104
0.986
0.071
0.213
0.688
0.246
