0.25721298918649343
0.7069087774905574
0.7504996701544275
0.8107035478236968
0.34831267482164324
0.6113260852278715
0.14844615189862997
0.7287100093209966
0.513665983900476
0.6116586439662877
0.3544577073341044
0.08092211119657078
0.3016299924470419
0.7580469245179612
0.8903964001462732
0.8361360718592266
0.6930841137294952
0.2400847356134625
0.21644503099148427
0.0170653448604789
0.5654255947303822
0.6234492126410351
0.6163281599365071
0.9267344494307928
0.3754293573638293
0.1086698333681353
0.2762367609371429
0.21923025099568672
0.824920526345587
0.02356923249700029
0.9951062020880788
0.3948038317496798
0.10368086903023066
0.22833502995674304
0.28911963586937345
0.0007720594820847825
0.6646362064738444
0.5391313805820555
0.683995016748694
0.727104174582283
0.07515236639146128
0.1687174357830341
0.8961598685536145
0.9803998409246344
0.0040386791506947795
0.5576424031334194
0.3462056990435456
0.9284117667619824
0.5466363035919017
0.5850617510188961
0.9424224730896464
0.6211449757007217
0.18033973772782286
0.6802394336396826
0.9981932319228997
0.4379003806756887
0.841087686931723
0.4978128436457505
0.8619655013691474
0.8810225263325381
0.23083662281642847
0.9991003064105162
0.3185293857419824
0.4261137899558769
0.6147279786478939
0.22163592716058722
0.11534571597597057
0.28016070485059136
0.633823196500144
0.22271168703036226
0.628309795815508
0.009354928803467472
0.7517985638226263
0.31791330684434277
0.39826187819558767
0.354577597718162
0.21119498207824527
0.5729742231220369
0.23745433291234352
0.3553979439358012
0.44932243600993726
0.4562475509960282
0.972517749277821
0.7277943733452097
0.0797247212604878
0.428443491607746
0.823132208164825
0.3087418652912946
0.11998297367185407
0.9727715066484065
0.06458084966384221
0.29396409673696566
0.7766212774960364
0.6731749424041531
0.004126377428017063
0.7520558476709764
0.2268434481371835
0.9040108533349729
0.6778732375420995
0.004541918917436107
0.8327656797270875
0.5534620602635478
0.14152156297348517
0.4246452241768175
0.9760193857228464
0.11866805919893131
0.04192363313302535
0.3080784901745035
0.9952095226029274
0.0625542999219892
0.013235746542134871
0.654227438965781
0.4456359901291036
0.3658695884963963
0.25751364319691333
0.25369448047064647
0.029423221758930126
0.7395626076870934
0.8750972949183148
0.4061334427166796
