0.65
0.626
0.621
0.401
0.58
0.523
0.401
0.049
0.737
0.186
0.748
0.12
0.463
0.813
0.355
0.955
0.729
0.135
0.15
0.062
0.72
0.03
0.054
0.096
0.342
0.323
0.562
0.255
0.617
0.458
0.186
0.057
0.382
0.689
0.61
0.592
0.087
0.491
0.624
0.042
0.563
0.11
0.547
0.07
0.328
0.551
0.078
0.881
0.447
0.132
0.836
0.315
0.02
0.548
0.12
0.297
0.974
0.801
0.395
0.107
0.26
0.605
0.209
0.029
0.744
0.189
0.281
0.053
0.675
0.555
0.719
0.706
0.586
0.522
0.338
0.553
0.305
0.094
0.636
0.794
0.364
0.756
0.282
0.313
0.092
0.438
0.685
0.642
0.745
0.903
0.056
0.727
0.963
0.157
0.396
0.246
0.008
0.466
0.571
0.806
0.976
0.499
0.286
0.816
0.148
0.08
0.495
0.401
0.518
0.431
0.01
0.926
0.671
0.823
0.877
0.926
0.909
0.843
0.874
0.486
