0.24640635940606215
0.8638533356761231
0.5392637727474352
0.15574173972655522
0.04926772615792824
0.6713369854407528
0.7775988275535343
0.4090821536767948
0.18170246401652634
0.422352739051469
0.007289800639379562
0.27919910074166593
0.9280786131431209
0.8845158195206124
0.9608608266156825
0.06381353521353006
0.8522780898078874
0.6711469710909982
0.43412100753325245
0.21879364995261458
0.47203317108904147
0.6313678471057428
0.37211374727211627
0.2744877442198088
0.9450310686590947
0.7046066285194614
0.18644777271851565
0.42699039709329356
0.9926882670149413
0.45627299947839206
0.3664673526080605
0.3764691756978036
0.5566296998066933
0.00935472432910808
0.9265479478061571
0.8239818278386746
0.80888337882117
0.5142609838804584
0.8070093155871545
0.142587443111877
0.580230770276084
0.11894269063466312
0.8123843341584971
0.9215023169040213
0.748747791481598
0.014763458808111807
0.3236118996811574
0.6715841396222773
0.48159691253962755
0.0205013612573266
0.7319177439492017
0.5876399593912074
0.631213224349624
0.648774296628778
0.17229865719062742
0.20861152049803347
0.8907878309635604
0.1651722491269991
0.63664845792514
0.22898490636581736
0.552847327753067
0.8186553661708673
0.41733180987046187
0.4314316198877487
0.2207757527315295
0.7596079648984847
0.5535068320407521
0.6970544740578148
0.4805459913201862
0.36021601207725973
0.6331669220537173
0.9699137004918734
0.038860323158594785
0.9791661648580139
0.5248452405726864
0.8154598015410043
0.5964466786959197
0.7681874777210007
0.5552526129539774
0.08263628999224037
0.1057693362714951
0.9382295792748333
0.9038946251390481
0.07349211520357286
0.7983958729105264
0.03906743722733874
0.5767870208742956
0.8765833021734477
0.4388407669918759
0.5619106065808532
0.4594904639479993
0.26599186038644373
0.26106332765761464
0.89599546320059
0.6114311276616733
0.20681557524964378
0.5074337835001957
0.9114134685971231
0.5629314689024487
0.20938145097443184
0.8048945965318361
0.8010054583039132
0.8059955190533956
0.3894097657509218
0.10300665249496693
0.8165344459878654
0.36251423308773467
0.667505773772618
0.028840604805888855
0.2772056363654586
0.685290213926991
0.5694914025616129
0.9784072524022616
0.46662315983469727
0.40090912564962755
0.3844812561957546
0.3579924609414547
0.5603579091276439
0.18656945434565464
0.8781712568986265
