0.656
0.696
0.064
0.038
0.923
0.399
0.768
0.592
0.39
0.596
0.587
0.988
0.376
0.945
0.415
0.896
0.73
0.122
0.178
0.898
0.316
0.374
0.928
0.223
0.524
0.136
0.436
0.218
0.573
0.261
0.067
0.591
0.033
0.914
0.922
0.319
0.271
0.224
0.982
0.17
0.441
0.605
0.996
0.308
0.125
0.329
0.925
0.957
0.93
0.967
0.856
0.523
0.361
0.378
0.499
0.217
0.765
0.173
0.992
0.312
0.77
0.83
0.23
0.603
0.941
0.276
0.851
0.988
0.096
0.115
0.289
0.915
0.371
0.23
0.414
0.986
0.439
0.874
0.725
0.998
0.015
0.304
0.046
0.896
0.497
0.929
0.782
0.304
0.646
0.427
0.414
0.597
0.177
0.929
0.469
0.083
0.425
0.471
0.695
0.59
0.639
0.832
0.001
0.942
0.473
0.909
0.072
0.004
0.319
0.362
0.935
0.191
0.658
0.954
0.086
0.495
0.42
0.092
0.18
0.234
