0.5497160244971558
0.7686020163739328
0.3054805082069425
0.32611022348945523
0.760616741519377
0.04067261473666243
0.7664832316205701
0.6495813509030894
0.4664963760266656
0.8895013577288868
0.9052908549504541
0.7238323801402996
0.8805454860278183
0.8630857223475097
0.09683008730122344
0.1205392051813741
0.4494512291126269
0.4951099235606532
0.5767238388949832
0.38902092252734355
0.06134999389933604
0.034702741137816684
0.23281519801859885
0.4275058011749773
0.9771328045105031
0.9766422528622738
0.5392317959912563
0.36648601680496334
0.5048457722599065
0.0850199029051617
0.5978755198580668
0.6407662886011681
0.686872718475126
0.7882314935146053
0.2546705790472019
0.6330470564394899
0.5597288462837917
0.373831803788953
0.049728583054128084
0.6039873843418602
0.8729298610656395
0.9786058102575215
0.3657861911279502
0.15612708436374745
0.43282798324546956
0.9392281504299524
0.6288390659157488
0.6864760551530426
0.806004040828487
0.9158270897936232
0.42866119243686307
0.7240480102041795
0.9908763576909423
0.1907690177661978
0.13060023155370137
0.10085239830863033
0.09800105679183958
0.20767445196468456
0.2908253665449206
0.11064205145575019
0.5765869999145006
0.4826770745953328
0.47088700509820336
0.16218285226068802
0.12935232036494382
0.48297049437250406
0.6073374908912879
0.35871196797916727
0.1303742865474644
0.9414525739983846
0.845569717018808
0.5713049412795563
0.9658639830194811
0.9641576263487668
0.8193502811136275
0.4907640968234841
0.4384387752158791
0.8015936064461866
0.19292464459215558
0.9894494238183478
0.48401990602041467
0.5597499461246385
0.9537143969778368
0.6589541837724795
0.47230177593129263
0.05741968125492125
0.6065157596100488
0.6133171599552425
0.21149498803141467
0.3850769962719672
0.8542253131955002
0.47450283180741953
0.5332710204180107
0.015766811542825804
0.012132213907597
0.7997251635691076
0.37552738922429874
0.7940088122273421
0.6640287623645225
0.8187012292304972
0.387836718411477
0.7867668712203
0.5835611214355475
0.5743865269248541
0.7213933531982815
0.2506877048838969
0.9011483155371408
0.8605444306177057
0.9675027186910705
0.5788579535784899
0.6924393191401823
0.7437151150164093
0.29224979322458383
0.5171004709552816
0.10303535220236082
0.41030341264355213
0.2767626170958795
0.22410761597589252
0.7251846988546449
0.7944638760768705
