0.3311144764751143
0.8734729431212234
0.6192972384745705
0.846511591363289
0.7464875518962049
0.7738649155214408
0.5668021809001251
0.8877020234007006
0.10165494092528138
0.9473646473108872
0.043523115782700295
0.31993116163891044
0.6646085569414777
0.07176858856321529
0.17965223312199785
0.9720637826473272
0.8316925419623028
0.22232095090990445
0.4351639693448357
0.9944535922660884
0.1742019783266222
0.9757069936536482
0.6960591791138644
0.6351826474253159
0.4371003909891342
0.7640567177610282
0.4421590404012351
0.19038070646668825
0.5609368090995664
0.46702151162359234
0.30131933888762563
0.9760493247868234
0.059019945746889894
0.18342813082102796
0.9147973513973695
0.5962455321722038
0.06990455078985332
0.26928972886807734
0.5349273997430211
0.0916495751512453
0.8439997319954132
0.2950873648542044
0.8698858892623889
0.947562421398751
0.06956440870666047
0.9704958638878778
0.5842960397682
0.3438831260653952
0.5197790965007182
0.22084213491429686
0.3524815378082591
0.2949164461591187
0.6779151519688964
0.9516452717883889
0.11172848917763867
0.716422378887664
0.12146971952649643
0.2869654145111524
0.6967268213074207
0.09796357488642014
0.9918607414928315
0.5468155086236632
0.024779834831174075
0.7050977522834103
0.9652828231565205
0.7303733780358455
0.048430699955375404
0.20310111392282426
0.4576861437925463
0.4960942591327557
0.20682815143588962
0.5842855646451819
0.9760998090489009
0.6985465223362279
0.602339354923606
0.8347119815551669
0.3405500628625673
0.9743413811523249
0.9866425930593667
0.6148735516139445
0.09923816311115415
0.513596199903646
0.321594662655182
0.4817312273592198
0.7299005059273451
0.9778991240841993
0.6899602073850364
0.23518568450001562
