0.08039619175945378
0.49032807403010575
0.7192918668576315
0.10857475125677518
0.9102090745700107
0.9953765683727713
0.7670336349593665
0.029513301022008998
0.9362212551486359
0.13589585510684765
0.0041263422041270285
0.24777483231697883
0.38854481274088837
0.41665152732886357
0.787245350906751
0.05004969282160756
0.016359171357274275
0.25847447519354527
0.043154699954833786
0.7907447282909181
0.7080697148748458
0.4440080239123301
0.9974322246446568
0.9299757234619324
0.5147590258241546
0.3214851444280833
0.7033101969558455
0.2747973601442863
0.3737286954810324
0.5037293015054765
0.6333262204480692
0.10394679124256445
0.2494873420405399
0.16553163888037203
0.9359676161188626
0.6518952798860838
0.2912825267214505
0.539388934253795
0.2566858696576631
0.1443893186459808
0.5142080450998177
0.7778911086526088
0.879297461493054
0.7063237049751327
0.08340137471170032
0.7370835622933307
0.6281958764184954
0.0801585905863778
0.38889350317028043
0.37323622176674887
0.09187627919277619
0.3909263995503691
0.7482767478810288
0.12071608746822057
0.8912330494887183
0.9899558862064748
0.1775393030691111
0.5334062702329216
0.2804329061691264
0.017045869817391646
0.4284272222333645
0.581692467930262
0.22795710123035828
0.29027231922937896
0.013655927422422146
0.574963186489436
0.4539521262730873
0.615286954291256
0.17854302217626272
0.6535945993723806
0.7374905296355814
0.0748074468854413
0.08602538990260755
0.7648601043601484
0.48533808760486385
0.32316041412486096
0.45597572104769424
0.1892802947032901
0.8372005336329668
0.17103864700296634
0.8592584204877791
0.11624982837438558
0.7099264973437338
0.8190381804128894
0.8361331381754108
0.252724805095867
0.027809302457871322
0.7409293460693176
0.843289557389721
0.4336871630777033
0.16733083540741167
0.7953906506162325
0.15976911907918928
0.42924220989382733
0.7906589773708896
0.34930538280515955
0.16400323219586369
0.4662802708787257
0.06662943879384531
0.8981747963043137
0.5136284863574665
0.5625631559431338
0.5927497248491584
0.9123129329167107
0.16547857453180195
0.07614610739587546
0.3816391630960625
