0.853
0.619
0.111
0.827
0.854
0.213
0.893
0.67
0.868
0.916
0.732
0.171
0.592
0.157
0.495
0.295
0.106
0.748
0.838
0.311
0.878
0.649
0.815
0.724
0.673
0.686
0.055
0.032
0.457
0.325
0.244
0.98
0.8
0.077
0.613
0.63
0.096
0.763
0.541
0.683
0.183
0.967
0.558
0.655
0.694
0.276
0.557
0.123
0.056
0.91
0.237
0.168
0.188
0.906
0.673
0.446
0.521
0.53
0.886
0.916
0.512
0.076
0.912
0.886
0.83
0.334
0.34
0.898
0.0
0.649
0.831
0.64
0.495
0.291
0.142
0.563
0.91
0.769
0.353
0.08
0.462
0.93
0.406
0.849
0.447
0.078
0.759
0.069
0.727
0.626
0.065
0.507
0.946
0.214
0.704
0.797
0.412
0.627
0.702
0.044
0.897
0.734
0.428
0.166
0.277
0.817
0.504
0.845
0.431
0.992
0.824
0.756
0.356
0.128
0.479
0.214
0.381
0.75
0.469
0.266
