0.25721298918649343
0.7069087774905574
0.7504996701544275
0.8107035478236968
0.34831267482164324
0.6113260852278715
0.14844615189862997
0.7287100093209966
0.513665983900476
0.6116586439662877
0.3544577073341044
0.08092211119657078
0.3016299924470419
0.7580469245179612
0.8903964001462732
0.8361360718592266
0.6930841137294952
0.2400847356134625
0.21644503099148427
0.0170653448604789
0.5654255947303822
0.6234492126410351
0.6163281599365071
0.9267344494307928
0.3754293573638293
0.1086698333681353
0.2762367609371429
