0.4956212493295389
0.6976113525576328
0.6801720508891413
0.7029355919250511
0.5128226465592403
0.7517710724703482
0.12988239212495323
0.3260676993400714
0.1325238052345874
0.8213985678586246
0.7689095624652318
0.6877563235504218
0.5341958303252993
0.3280721876063408
0.1459426709352203
0.25154949415809047
0.5195060909484222
0.729114190201637
0.8521219376878719
0.4762324101120239
0.036390806104600326
0.8670561765445326
0.741933113252313
0.48847111982406216
0.9485344333890098
0.6535785391451023
0.4876437396869553
0.5197327213016834
0.7847495060508676
0.002323480906178617
0.4866145786628091
0.8214468804556796
0.547160895324518
0.9729124218082121
0.6282746339568439
0.533159369107966
0.7231834186562349
0.0792206184742914
0.10343462862265884
0.19647961968792174
0.19452973460201645
0.2098821977486067
0.8505614792823633
0.8343548269965126
0.6171623690268384
0.6313944968991201
0.10805772194100785
0.4024723513021171
0.0025253899598538018
0.9589835368011277
0.39573473140935866
0.12992580609954096
0.6484981134590488
0.48922133972482995
0.0955529981884875
0.7558786771611092
0.7707612400308304
0.3180608482219638
0.3451461599257224
0.8889871695670997
0.96560446906997
0.779381762576336
0.058058145087614754
0.6057512844689626
0.6486902413791036
0.1223838172467484
0.5031005851046423
0.2234704847919755
0.8694624491041321
0.958293740218932
0.41924499756952677
0.5683487130119707
0.7616042317284295
0.5844975348746754
0.9688103471426013
0.4049939860728766
0.17241654867859713
0.6840485684211957
0.4845334049949699
0.32736847301659844
0.5166114592526765
0.6967038005543635
0.6130777764156647
0.7204130086239484
0.11367292101301807
0.49447908225231774
0.7996193323165975
0.6633942701893873
0.29388436256590067
0.6240739419959005
0.5937016568620446
0.03368723483932782
0.8147094864635391
0.6122592286543078
0.5673728073829694
0.9369846589870355
0.8686017195668105
0.14405015430057877
0.11254330775838417
0.6753991535305734
0.3008042275732421
0.42910730679690046
0.19058938274440718
0.7699142916246128
0.07864285031374063
0.8310737149995162
0.012475737502647818
0.20127236927928274
0.6565022331955538
0.16278677917688492
0.8405719579498685
0.8629243898089627
0.9611194961386055
0.4611595241431199
0.18087544893885887
0.6110235964409252
0.660081088190694
0.9782747392661255
0.4184109028912493
