3.907985046680551e-14
2.5174024487206736e-07
8.419330842057704e-06
1.0523137916607084e-11
2.034266471495627e-06
3.060170485902347e-07
5.108971024014863e-10
3.7340798348717286e-05
1.056887910522164e-11
0.0001428292783725027
1.4876988529977098e-14
0.0028034962416856324
0.00018932170673635618
2.604895795754736e-05
1.3098826467938807e-09
1.0484946244559978e-12
1.0073209431027408e-06
4.4431125445498765e-13
0.0004085413052481446
8.926296676481371e-05
7.434053372890048e-13
7.666220991353612e-10
1.3073540028329944e-09
5.891278576086734e-10
3.39449579556117e-10
2.2335522986693945e-08
3.906825939870018e-06
3.04211393853393e-08
0.002318439811379802
7.581772765163919e-08
0.0035947557014748277
1.4261086263012146e-06
3.392384893663447e-06
2.8383961847566752e-12
5.502686905023424e-06
0.01735007184867632
0.0024596402008902896
1.2017264684249795e-05
0.0001158390187145919
1.0918367077117352e-07
1.0948117324938167e-05
0.003331833016130936
2.0449419935175683e-11
3.837790663041574e-08
5.523265099283137e-06
2.3092883161268674e-10
3.827138606027347e-11
1.1879809136416952e-08
1.8045396288357551e-09
5.11023432103741e-06
1.6779910794184616e-12
9.360432845806343e-05
0.0
0.0003089846417185793
3.402071428038056e-05
6.746758707265599e-11
0.002196847283242098
1.174258950076279e-07
0.0023213585161303563
0.0008238238397360043
1.1309040592877295e-08
4.440892098500626e-16
9.073936499959245e-07
8.775243609693284e-05
9.874528401621063e-06
6.612117254833905e-06
5.995134100267308e-08
2.596069814675417e-07
2.520137132311362e-07
1.0764143461017284e-06
5.3698426751402906e-05
4.846234792132975e-06
4.17031742472318e-10
3.7404561401555014e-06
1.0774712988492752e-07
1.7683632336229493e-12
6.044897915558067e-11
7.03864414308697e-07
2.842170943040401e-14
1.478208666583214e-10
6.297825594359097e-09
6.600466839756791e-10
6.1502240440436395e-06
4.497066186104348e-08
0.00011278387790403244
0.00014174666860666818
1.6877267139392416e-06
0.00022102576293581144
6.793929863135872e-10
2.3513981268763473e-06
1.5715926338089048e-09
0.0001642041188900656
3.935687331590998e-10
6.662678000424194e-07
5.558528368254656e-06
5.864511098963021e-10
0.0028472377873565158
1.3827987044301437e-07
3.7628560425329027e-06
0.0002923979733202575
8.826783748361322e-11
8.82542927627128e-11
0.00018997092161665563
0.0
2.1180834863798736e-12
8.346034297002092e-07
2.4150305681924777e-06
0.000209698105390288
8.514322580310818e-11
1.370775559728088e-08
8.080628610684926e-09
0.00019052578133749165
5.034726929808997e-05
1.4516251756191423e-08
0.0003795505310377756
8.542882128592666e-05
8.49672332492446e-09
0.00036600613275439287
5.995204332975845e-14
4.225997329854181e-10
