7.343925467750978e-09
2.2181938531984358e-05
0.00164919254506124
3.745400567467527e-08
1.2445083438228366e-05
1.049584144485749e-06
0.0001249098788635994
1.729040335352039e-07
9.6095154056286e-10
0.013442481463567857
0.007098597022443309
0.008568164734947814
9.767883601963234e-07
0.0001792829118876238
0.0008794354949102079
4.363775518712032e-08
0.010075495288631053
0.001757078091376485
8.535823097233219e-07
1.6847864041658056e-06
2.5646784969080016e-06
1.601112708993213e-05
7.750611423773535e-07
4.222515244789449e-06
1.3499361103175289e-05
3.4379286895092065e-05
1.3361800332845064e-05
0.00024022076195029385
1.2059985397216977e-05
8.86376020785562e-05
6.918454166449095e-06
0.00048706070551185476
2.1064127087022655e-07
6.001482146289483e-05
0.00018399913272015844
0.0008939743975546754
0.017671927314079516
0.005692042585933255
3.8249694302994186e-05
2.258835836355111e-05
0.0006585092481175003
0.016770952409365325
1.894843253413825e-07
2.9212102411246832e-05
0.00041449228446910347
1.1762963587624853e-06
0.0011747498720156013
5.079489586501396e-06
1.3086472527845672e-07
2.017955458288867e-07
0.00017573387051128542
4.456462376900561e-08
0.0003680389015192631
0.005687918763891409
0.0006566969839021386
4.399476962735349e-07
0.005529934393317726
8.668673554312889e-06
0.011847808989230435
2.6572194768981205e-06
2.1460611066004276e-12
0.06405933535769637
0.0019180019247975189
0.000573379761912296
0.00015742808760776938
0.00024747767807364873
2.856390146632748e-08
0.00015243846800361283
0.00010839522835759396
8.400720398515915e-05
0.0010706465034122647
0.00019777187384573125
0.008046540890298326
0.0003036995060514691
4.0922623760319965e-05
1.916082312813927e-07
5.917239032093846e-08
0.00035952126742810897
1.0183448972966858e-08
0.00019598673472609462
6.72381100512709e-05
0.06265141776010208
0.009041571202291987
1.4899758764341797e-05
5.151970678829443e-05
0.003120517238926146
0.00010180930974601488
0.0032122585789642333
9.233942712683074e-07
0.0006690101851820618
0.004847430467033842
0.0031879521779918374
4.174251384991834e-06
0.0007784761681428609
1.8396685639521237e-05
2.5925330260356816e-07
1.2532084259220255e-07
6.313609739838633e-05
0.0002459475210008222
3.817886806700699e-08
9.000574685558149e-08
2.721978722419749e-07
0.00010601151596700831
0.00013449495084394414
3.992227792792846e-08
0.004178901297826387
0.030643656119726748
0.0014082405878350635
0.00011594678009108073
9.784867745832315e-06
4.7331027985819674e-11
0.0025711014719107528
0.0018179710417205452
1.467096569807147e-05
0.008726870373901408
0.0017836056298923264
3.4796758745514467e-06
0.03409103605658759
4.474628509942846e-07
1.5864479105953677e-06
