0.0003606622242289248
0.005479072496606063
0.03648303865307323
2.6021765838990518e-05
0.019379871880697674
0.0005001198836387388
0.00022735181538746652
0.001762039022592532
0.0002580508876395271
8.599005774767576e-06
0.05025985425908708
0.05419152698403518
0.10974895254627248
0.00029507700209530086
7.191568594189235e-06
0.011967159988597986
0.0002075778198518119
0.007202540507178501
0.008196446971494353
9.422085507160283e-05
0.0006815450012915836
0.0002700426260897615
0.0008926121840746593
0.0005299150836146627
0.00016684866294647271
0.02563959912332181
0.0018390692469969494
0.00020536688698791217
0.0014103132034350985
0.005129561811707539
0.031074173787312587
0.022753302334268755
0.0003878324959154522
0.002546534334053163
0.0006230100782314008
0.01124851355959744
0.0034396400500764646
0.007885067194822959
0.0008375320068991776
0.03438547961463434
0.05412238594835439
0.0011716129146308596
0.014560398420436549
0.1005388420786002
6.984704260970531e-06
0.011412127526671423
0.009858535043791639
0.024205389347714323
6.171666221677086e-05
0.00042546046397884396
0.00012051086072717432
0.0011768290048230767
0.0032086164443152487
9.137922067470328e-06
0.10310520810209711
0.023726002102380184
0.0044143827649987255
0.006592347286409783
0.00034964980490115316
0.17084404870689607
0.0003200867401755847
0.024762789320195377
0.00022348321587095654
3.1555297308472063e-07
0.30483379026963053
0.004930336639737742
0.0005915241976388597
0.006127677964798073
0.004751367971340903
2.405889312884213e-05
0.0076607797101631014
0.00024039263339870054
0.01034526649755274
0.011822932460973101
0.003216291328589138
0.022835274668492556
0.009351170263682818
0.020720884372810167
0.00038564174635058457
0.031893921580608664
0.003928009458660009
0.0001181212080907379
0.01730016783736299
0.0030303370476767455
0.0008560865360403014
0.06608074208311754
0.0014217406782637276
0.00448058101768023
0.029831626931386968
0.00389563847096297
0.010906028693394187
3.321984969084646e-05
0.01935341744621044
0.02634587202662786
0.03321495008350994
0.002298218270101904
0.0065471101883010085
0.02366081068401016
0.0012542549353447008
0.016824780209977463
0.009626626252082549
0.0030001796879408626
0.0002586090139198305
2.6008972335178626e-05
0.0019674807384069126
0.0026406299082231133
5.784812360243308e-05
0.0300613927813409
0.06860305240766862
0.002626423738897987
0.002355584758210849
0.0009014019765518633
0.0014732386095965833
0.02661735922190167
0.002700170540818281
0.10656017053760802
0.025434650801485104
0.00024183406986466593
0.05595619067571134
0.0002928259114542975
