0.06750696041128279
0.03623384424403642
0.05516830691145458
0.019811994072273187
0.10298295382139555
0.007871413987366349
0.03745403298740202
0.0461266192013734
0.010923312660559237
0.03609429083528126
0.021564799248922073
0.0856072368987435
0.07764492363267683
0.0812073866674643
0.010725115464487844
0.14576559042959714
0.022743849371190672
0.17430683803240532
0.06752495617086529
0.04401257930740443
0.052949940847451415
0.01271129047676367
0.06902237092613728
0.057552292655391524
0.01080907019408528
0.055314240888957755
0.13735214326649614
0.007163978254603576
0.08446576248951199
0.029800803867484404
0.023478501085590242
0.0408728560793421
0.009868471654743027
0.2161800682000976
0.017044084102637136
0.06813327341619502
0.023397231800507345
0.24892709328878881
0.0972628052874398
0.057594221110946586
0.07603833619963041
0.12827140070425824
0.11639002967064371
0.020416397584751778
0.09785686084815559
0.22512289180786027
0.004723005947999237
0.10050362326441942
0.060763435161063306
0.09952443709376624
0.0038193510257182872
0.07247762767586252
0.008090451560438083
0.03245336101618013
0.013531245462838237
0.001247235451192763
0.1350850255213798
0.12564593452421802
0.10264252164546206
0.04168167530240274
0.03577699591280803
0.044314862783372044
0.016484757516561865
0.07622661260923325
0.1495311751161772
0.0017173553073226433
0.03491415962888644
0.09601817914248012
0.05302477681749185
0.0393530380417626
0.030454452823205802
0.03352928967462754
0.0034872299689687747
0.009229291131131134
0.2645492404128633
0.0017737532758341779
0.03729284289188395
0.02554001684583662
0.03663245911150681
0.015597215444482115
0.021531109998937703
0.014456456168247867
0.023334001408503058
0.19644545869401453
0.09821489442380948
0.06201084734485196
0.0011120866587233103
0.16100256427829618
0.10557118168683677
0.01681937880570028
0.003868840330284451
0.023504392948245245
0.05849229107570597
0.03029687518692592
0.01581166723315408
0.010143687464694517
0.022495838651434008
0.06119646674882162
0.03374246852826501
0.06065567081886636
0.023147577638057415
0.025366511731754526
0.011645817248006951
0.03361288779277749
0.07184048351591565
0.014063660049105975
0.048869723310270174
0.027491243498868112
0.008093163327333786
0.09078120091062858
0.026016314764893744
0.01280015112432964
0.13931918150365852
0.016756709085630428
0.00915696914929387
0.04799753681779473
0.029564963105738862
0.008906395145036994
0.08862569521836328
0.06789815954969303
