5.662776914050482e-10
2.514444941148497e-08
6.661338147750939e-16
8.868903389469551e-10
5.6916693580433275e-12
4.374278717023117e-14
0.0
0.0
0.00041158930293816454
1.3933920683939505e-10
1.2798236319611078e-06
1.1102230246251565e-15
4.618527782440651e-13
2.115259700730121e-08
1.0805432104632473e-09
8.613598034834524e-07
2.2616991447232948e-05
0.0
9.259260025373806e-14
1.3346435068228857e-11
1.930455795218222e-12
0.0004979512694942567
1.5765166949677223e-14
4.3154633200259696e-09
6.9049210793536986e-12
1.769273616503142e-11
4.232445283136599e-09
1.7842130044520843e-06
0.0006130509076960333
3.90710312991871e-08
0.0
8.131682549539221e-08
8.881784197001252e-16
2.4424906541753444e-15
0.01714535404310058
3.428810790850889e-09
7.093016152204257e-08
0.00033947084362884183
1.1102230246251565e-15
8.552047958687581e-12
2.7438012972780257e-08
2.84026202557186e-07
1.6606716002343092e-12
7.84194931213733e-12
0.0
1.1457501614131615e-13
0.0
6.880108622819847e-07
0.0
1.0479059475709818e-06
1.3322676295501878e-15
4.814611023196136e-07
7.898763865199498e-10
0.000318364211029154
1.0687130808761935e-05
1.3062217973924817e-11
2.349051397843027e-09
1.560114840493121e-05
2.1192156220983804e-06
8.735388568048563e-08
7.895906151134113e-13
0.0
7.307532357003765e-11
6.06858104212904e-07
7.438494264988549e-14
1.5354744797857478e-06
5.932388869034355e-08
6.032421984158987e-08
1.715494080123392e-08
2.443489854897507e-11
5.062616992290714e-14
2.220446049250313e-16
2.8409874452961503e-10
0.0
3.5200731218765213e-12
1.6572208050291692e-09
1.1546319456101628e-14
1.8681941327258755e-08
3.8407499403092515e-11
2.351655226107141e-08
4.836131495267182e-12
3.0791315537292974e-06
6.7862853114775135e-09
1.975138226262274e-05
5.10702591327572e-15
1.548383199434511e-09
2.2634475968619228e-05
4.473525322401528e-06
2.6645352591003757e-15
9.289828617475848e-08
1.3275066379492273e-08
4.580780199603396e-13
6.219631143444815e-08
6.392242291042294e-11
2.3321311770629904e-08
0.0
6.639355731863361e-12
1.3509193763638905e-12
2.989357006377702e-08
0.0
7.326245483607607e-06
2.4332844628105477e-09
5.783447054596991e-09
1.91446858366362e-12
4.3124132342864385e-06
5.294990252924237e-07
2.545075261650709e-12
7.2830027930681496e-06
2.2101744112656974e-06
6.141309683016516e-12
8.013107827942179e-06
0.0
1.5687451337953462e-12
8.855607820379419e-07
9.976672821210286e-10
1.2332535881398599e-08
7.214673303224117e-12
1.4311553631074503e-07
0.0
5.074141107286323e-11
