0.5550383379725365
0.9710746776893591
0.64923615416976
0.557769548959868
0.3117730059441697
0.6094563235845809
0.2630065642307913
0.05533582996982411
0.3680500379410385
0.6509855144876329
0.20038424389079013
0.011317883041930044
0.7999378073086061
0.4108809503815409
0.7487862000089709
0.5126697106894652
0.6377128950549424
0.09032957127923308
0.24422835794348963
0.44238056803487646
0.9656567166087244
0.21764335625271758
0.7854484173610428
0.5579505992466178
0.6439399578838798
0.2235367851309071
0.1462150305918566
0.8421440504317224
0.8009185758196693
0.05322348188476278
0.3484635832086156
0.9805031056828063
0.1237061327091804
0.8112192004399132
0.2385081510703997
0.38659490614428704
0.4218176015528093
0.2603365992234734
0.8893067565946544
0.3695372983150318
0.17244242888171657
0.9695858703715419
0.40711067215778685
0.8152800176599212
0.7289710959094203
0.9885011177825819
0.19023070013544544
0.07676184873165681
0.4784162798611488
0.2852921059450977
0.9309341748768298
0.07278324604679609
0.8516550135702287
0.9568755803737776
0.7077017327031427
0.2144831531092051
0.6116655926226058
0.5434156021569905
0.5960982323630704
0.9830157560347361
0.07895732085678063
0.2242665416477816
0.1424081371501563
0.03996558893985429
0.06594529183708045
0.8777503949012768
0.00655413044395714
0.42281196964553375
0.1778045809580216
0.3079942289696683
0.7794788558251038
0.9635936311971387
0.11184643791808982
0.06651418551019142
0.1836301723350764
0.2794262190292063
0.8988722536059016
0.469314928878392
0.30283055885416643
0.8412745842785733
0.26418340012246144
0.8849890539658563
0.6897473392627212
0.4809588947247931
0.7614079303946113
0.6008798120179105
0.9908337665986273
0.7563889538762008
0.1965235344095473
0.912929340982274
0.18607336862925106
0.6108473999253792
0.4046961536107752
0.5013156051348886
0.8179992043087094
0.04635774285129325
0.9090113753808398
0.7850597906221066
0.36951611668168716
0.6639469525781707
0.06467414451469626
0.5290404897711581
0.08329527031932904
0.6620810492293576
0.4339095241997246
0.348082847927359
0.7468044850724456
0.05892025565047218
0.3547427383363735
0.341870637858241
0.36869026988789166
0.5384273862842407
0.13282682724919334
0.06690643044429523
0.19315475823451767
0.4746524728824197
0.686071625974294
0.31138805277167053
0.12178282265042695
0.43675287168949994
