0.5857789820586052
0.03453977394949976
0.24914925344589076
0.12134068378643681
0.18517099175496624
0.10611585433061066
0.8353074455878826
0.9366255868873414
0.35481467917827303
0.24140562285985312
0.3205688039359771
0.2582245660333319
0.7591439542547971
0.8710603225953957
0.5154569151314172
0.7631437602841962
0.28379776580232585
0.9143887207762269
0.5764295486419613
0.38492820632167923
0.836770950808088
0.06558361701291876
0.6348720886490059
0.20694280745318766
0.17288817464857842
0.7716619184744848
0.5843368539190752
0.1347245839649332
0.9840811403858042
0.032298553439475054
0.45915187864882
0.3594813591504299
0.4802643231646062
0.1755630131205046
0.3289993666679149
0.07647912434355184
0.4697654716744718
0.6703380686287745
0.3793001709372612
0.19006135956974735
0.4093968710626014
0.9665678604414223
0.5655834017775814
0.8365583651118311
0.05414166152575005
0.8880751064114049
0.11177284215961565
0.15326309474519828
0.8824807051165551
0.4051990727849349
0.32843011597102767
0.9579190812563486
0.08102518508316181
0.22680424957171486
0.9690707983568692
0.6199247713110343
0.10424218418542795
0.2881439749796054
0.8750281671512918
0.5055293947262393
0.07070346418082486
0.4845399956295142
0.7334874105542183
0.3938451591698586
0.23914347758550258
0.5750354693860091
0.0831034892090363
0.04862242148058549
0.15536622610937734
0.7822781339492165
0.5454338016342379
0.05208445291388686
0.8695233685226731
0.9437621023845084
0.770196983407792
0.4834799083474712
0.592230298118718
0.9769676280492554
0.4931674254757099
0.9672201317665488
0.42035452296382897
0.2518542330001321
0.15754439981355867
0.6899905866643494
0.5374680646891138
0.21368095548217614
0.6040246309190458
0.19963325092787437
0.6057070947480848
0.9432793924468812
0.18715519602235697
0.9274775983919721
0.6482074556797404
0.4113029952345546
0.47472867651442185
0.5467921928674537
0.8704520234689486
0.5074806241491294
0.2252698859139175
0.9092070153370688
0.3020145177980044
0.3851162647912958
0.029894497767571915
0.7742992268239964
0.27235237286327685
0.3172437863063405
0.3386032583876942
0.5860530921455687
0.03179652495504349
0.4186470561943456
0.011164346130977698
0.36706849509112605
0.9435043367704694
0.3693809183623331
0.18385013277056822
0.11767231341151208
0.22631695094138418
0.3084387707118412
0.05150474330422252
0.8398579929434637
