0.9321309864208842
0.1632900768127965
0.7201305496240973
0.7407476402590496
0.9059442992149622
0.9374177168751661
0.1739873193862203
0.5906236865650948
0.7359969623084366
0.7659066096127003
0.5319877586517274
0.9337880918009913
0.8861454079756885
0.31752632461861413
0.39392502762721326
0.61996900499968
0.168828551392055
0.5850035082709383
0.1631457084999972
0.6991466392676535
0.8052251002527413
0.42753063865986607
0.29176187819759614
0.47676412640057886
0.3852912860643154
0.9424805434024973
0.42022849555185915
0.5381962484740894
0.339194083503591
0.07107446356862335
0.3371647115073264
0.22216645054744455
0.31530028276078537
0.35596572680890404
0.9669874413872344
0.33160331565485845
0.9255246706100133
0.22259753345554936
0.9527165213240485
0.36806742549189586
0.5481507560797975
0.7918092997430084
0.8782127234273491
0.4097332287037807
0.45323377860189606
0.4918186660346042
0.8484146122458274
0.18902669155683988
0.34787615874571065
0.18477570131884002
0.5502080438351773
0.5485466678650481
0.1944657770176919
0.6014597054846331
0.7994382408414872
0.4597523548069127
0.03686587106030574
0.20146462609847093
0.6017602558291507
0.041784507118355796
0.286157634193273
0.5175629845250902
0.48522693323497723
0.5746996108516143
0.7684952704283727
0.6347269682039578
0.18988794420870225
0.4782776924412849
0.1927524035745114
0.6923454294488218
0.23331369369704524
0.06424556321871286
0.9131991943073545
0.6874019045360906
0.41480179960594693
0.36348215189554467
0.09874934081831888
0.13951306691404092
0.4774375684183622
0.5402926883842931
0.9707307914410573
0.4027031884239506
0.4450856167268193
0.9742232529724761
0.8622822839981674
0.3501992739294424
0.24770305685651395
0.01681329739112858
0.03654289063806057
0.05921065775888895
0.5877085276783636
0.6282167032120645
0.6294734036230002
0.9634201257778441
0.9938612805069849
0.1516613217705669
0.9021767633145961
0.6461306043223068
0.3185531791056848
0.18701312961288596
0.0896504295427427
0.6561748600086081
0.11632051586538494
0.7092120308770163
0.9218232307039462
0.12443829624885061
0.7597076049373548
0.2911649216754888
0.030284123443356903
0.5282876250412458
0.14416898508102394
0.44073595341673605
0.5519526426349691
0.9191116335173695
0.08323965517756027
0.056441184999507454
0.4220153721531683
0.06336932553154781
0.27603639288650617
0.07236653638375778
