0.4850840827434202
0.048440113662064466
0.9643700490907237
0.5867622473038334
0.7118842551111499
0.7985892674825408
0.23934236995775526
0.1751566142687282
0.6565295539496235
0.7385942370730403
0.7616566299110366
0.8693658712687602
0.8495966039499148
0.9294763785294631
0.8087780599658936
0.27284995543369145
0.019980602480978105
0.8680530552485309
0.7118098917685259
0.31222882294179066
0.7393070625905032
0.017449650427119125
0.2080266876362178
0.6723668283262312
0.18521244523838715
0.8952789746144929
0.056534074451861045
0.8086757229958496
0.49850012173001
0.12784674551555852
0.1113932260287136
0.3340458522938816
0.807786998069753
0.7356001814198047
0.9077207301881249
0.45972231029016
0.6699463995563432
0.9892014864401553
0.06048804350012734
0.7311275359145322
0.08786647709698348
0.2891241606218956
0.3354869499487438
0.7831972365492634
0.06050114930253543
0.21130883589513905
0.4637053002482643
0.8844736355282581
0.982782794662563
0.5800515902977428
0.6492397749996415
0.0672602394268327
0.2529822702342006
0.312004857405199
0.5983965993274899
0.4255635464927797
0.010827663792693157
0.970620918420941
0.8951036123612328
0.6664754401582768
0.39706215135398537
0.6467405225341911
0.7113481015644141
0.3142907456622137
0.23158338234652984
0.15721780049651946
0.5794544369028118
0.30929572171999187
0.17344834043784152
0.543283611529448
0.5550075418097598
0.36346817395317427
0.5224385189284375
0.06594575851983198
0.2534137866865786
0.9351771200129553
0.003231119811089034
0.8810363674691258
0.43698513669896766
0.8387679995121438
0.5903465243899815
0.4846441463940896
0.7485880074445199
0.385449708777873
0.9269549254640281
0.2995095471386542
0.5239028780644968
0.9091716876833404
0.41559546561901395
0.27734952698137816
0.6388526098209512
0.7769628840873651
0.46935740651393876
0.32955644333280665
0.11124445797135096
0.2454202079048975
0.9830275445944758
0.057376330855279795
0.351839524850892
0.30177432176078356
0.7047371080745479
0.4803617418269039
0.9742719271367584
0.09249373537170458
0.2516362435924089
0.5433809351212069
0.6953201487413341
0.5257377162669856
0.32182294682392865
0.1601505775607663
0.9166952567659588
0.008222020325653095
0.6245450002887029
0.8568113562190265
0.7909088580320505
0.3559282613332219
0.6843187529358667
0.63636264554644
0.6578961655789006
0.5136998327815667
