0.636
0.139
0.461
0.382
0.173
0.844
0.154
0.874
0.012
0.96
0.891
0.779
0.158
0.072
0.52
0.013
0.915
0.802
0.02
0.118
0.168
0.059
0.214
0.496
0.697
0.268
0.976
0.551
0.976
0.401
0.492
0.014
0.599
0.993
0.978
0.675
0.785
0.304
0.676
0.935
0.08
0.434
0.586
0.158
0.199
0.209
0.133
0.636
0.041
0.843
0.001
0.927
0.808
0.095
0.971
0.425
0.957
0.924
0.315
0.003
0.637
0.721
0.608
0.667
0.33
0.527
0.458
0.539
0.868
0.688
0.083
0.632
0.373
0.05
0.17
0.539
0.022
0.089
0.137
0.266
0.518
0.37
0.9
0.761
0.72
0.818
0.093
0.708
0.185
0.911
0.249
0.364
0.698
0.184
0.969
0.31
0.561
0.475
0.111
0.216
0.909
0.005
0.07
0.626
0.669
0.868
0.106
0.257
0.101
0.912
0.77
0.288
0.898
0.908
0.277
0.788
0.031
0.147
0.783
0.591
