0.444
0.005
0.696
0.567
0.443
0.026
0.757
0.774
0.143
0.03
0.912
0.535
0.367
0.444
0.178
0.135
0.178
0.429
0.579
0.997
0.496
0.849
0.681
0.634
0.318
0.23
0.329
0.4
0.318
0.333
0.54
0.287
0.484
0.806
0.955
0.412
0.813
0.651
0.152
0.19
0.721
0.268
0.605
0.371
0.535
0.602
0.886
0.093
0.333
0.529
0.889
0.816
0.281
0.562
0.815
0.787
0.478
0.184
0.836
0.238
0.764
0.655
0.814
0.157
0.298
0.212
0.095
0.189
0.799
0.566
0.996
0.085
0.552
0.72
0.208
0.744
0.34
0.635
0.927
0.311
0.287
0.496
0.166
0.78
0.374
0.654
0.637
0.728
0.71
0.33
0.101
0.975
0.862
0.663
0.521
0.7
0.821
0.259
0.999
0.25
0.91
0.81
0.79
0.765
0.086
0.79
0.392
0.174
0.118
0.239
0.05
0.965
0.909
0.977
0.485
0.624
0.364
0.095
0.753
0.104
