0.13
0.015
0.696
0.129
0.483
0.568
0.415
0.785
0.171
0.382
0.036
0.879
0.46
0.648
0.928
0.472
0.093
0.196
0.469
0.677
0.712
0.877
0.571
0.546
0.065
0.754
0.131
0.754
0.251
0.297
0.566
0.67
0.674
0.047
0.92
0.614
0.318
0.544
0.794
0.836
0.157
0.059
0.108
0.226
0.611
0.366
0.574
0.769
0.207
0.683
0.29
0.286
0.996
0.68
0.71
0.264
0.712
0.81
0.763
0.58
0.249
0.66
0.696
0.793
0.791
0.485
0.073
0.21
0.102
0.214
0.705
0.264
0.899
0.099
0.984
0.704
0.022
0.681
0.73
0.706
0.408
0.916
0.176
0.765
0.149
0.099
0.598
0.412
0.804
0.675
0.19
0.011
0.747
0.199
0.668
0.654
0.806
0.231
0.86
0.906
0.065
0.79
0.769
0.422
0.575
0.553
0.63
0.901
0.923
0.227
0.297
0.06
0.895
0.221
0.51
0.112
0.44
0.019
0.726
0.831
