0.005
0.654
0.622
0.466
0.809
0.698
0.17
0.033
0.928
0.597
0.303
0.375
0.147
0.131
0.186
0.355
0.574
0.461
0.869
0.682
0.79
0.082
0.233
0.401
0.354
0.034
0.837
0.284
0.494
0.972
0.385
0.481
0.874
0.874
0.16
0.225
0.113
0.267
0.599
0.565
0.44
0.531
0.585
0.423
0.283
0.995
0.499
0.823
0.295
0.552
0.749
0.271
0.439
0.223
0.68
0.217
0.767
0.609
0.884
0.265
0.204
0.085
0.193
0.581
0.929
0.077
0.924
0.079
0.16
0.738
0.298
0.614
0.625
0.949
0.332
0.619
0.57
0.397
0.784
0.427
0.663
0.691
0.758
0.725
0.348
0.098
0.926
0.854
0.512
0.825
0.609
0.811
0.286
0.246
0.939
0.817
0.956
0.546
0.763
0.099
0.765
0.427
0.164
0.094
0.261
0.069
0.961
0.968
0.818
0.675
0.384
0.125
0.823
0.851
0.124
0.56
0.111
0.762
0.187
0.193
