0.8058299680282972
0.5674700317770838
0.27190427885246393
0.2790485943643064
0.1750336468257463
0.2511131343896169
0.6089043110270032
0.08955386274069221
0.9150319658097661
0.167072762967033
0.77202227981903
0.9166295980877132
0.7537221938420844
0.985821929056494
0.791914666414201
0.13300983574766523
0.7429831597225138
0.37620661604698524
0.6656688819345429
0.8722804100603831
0.4439358368524138
0.01343695524972266
0.04521197007774054
0.34679481975980875
0.18570779685953354
0.6716094470832227
0.42684159767897056
0.2623954907174548
0.28970876556623004
0.5366766901334779
0.6877478106554511
0.7056990880368439
0.7348383139340074
0.3463981419661051
0.3316940807389239
0.2883873122350782
0.7725108831332361
0.26244277796195914
0.5696999227682937
0.1757083148088395
0.9425416530110388
0.37410936368151804
0.08993994454596588
0.3827926357337719
0.7993247603424831
0.7607808055497725
0.8419265347364574
0.4690825691863536
0.6683564464932399
0.854844756708101
0.0011410463545116212
0.21487512080530813
0.7575778136508386
0.6180527415929085
0.13681664712621244
0.7979676376137972
0.42007406282860105
0.6412045311122074
0.18012094003703186
0.11496544844007262
0.4408995291716242
0.26489905739648106
0.007399145062321644
0.6066022697425155
0.6866654726577
0.7539680356360918
0.9613719702616692
0.3859615056062306
0.9589390075541515
0.3180614390571146
0.06034371905230307
0.8443885253400716
0.8366223989401178
0.7759846693650674
0.1717716056391967
0.512925487347222
0.6347686955997678
0.44119471087659057
0.21317011029749522
0.0221100945096957
0.010461755626910652
0.9762841552557382
0.9225170566895485
0.2400537552753395
0.9965364254524045
0.5623106478140854
0.9308539976374772
0.24975918994520296
0.8258581904261659
0.1716729782215669
0.1219160035468847
0.8557046421691092
0.14047270162284972
0.5005624186304998
0.4396075294228042
0.4080296023517436
0.8372129884001065
0.3339972468856973
0.06065148520906716
0.4960526825585174
0.7121345660275584
0.8453271633433102
0.7406878307015623
0.1805253138492301
0.3426057879207567
0.18726797923333183
0.11319034787118304
0.07118916275962417
0.7258526959991545
0.07795025252161447
0.5099184701207647
0.9375261384405579
0.09924545207073499
0.4787151767898947
0.7893658053713759
0.7393672701566871
0.20443922698897454
0.22722860849019288
0.5252795034874974
0.0068713754746435925
