0.027
0.317
0.739
0.071
0.229
0.167
0.55
0.17
0.009
0.944
0.932
0.973
0.134
0.629
0.673
0.025
0.923
0.785
0.099
0.096
0.133
0.305
0.068
0.321
0.478
0.482
0.259
0.71
0.46
0.399
0.18
0.678
0.021
0.488
0.515
0.741
0.973
0.906
0.361
0.287
0.707
0.914
0.065
0.476
0.604
0.16
0.828
0.179
0.181
0.067
0.581
0.062
0.469
0.919
0.803
0.123
0.932
0.307
0.944
0.23
0.004
0.998
0.701
0.608
0.587
0.594
0.031
0.627
0.495
0.423
0.861
0.624
0.939
0.649
0.397
0.088
0.029
0.672
0.038
0.461
0.333
0.815
0.879
0.362
0.492
0.767
0.608
0.768
0.201
0.819
0.874
0.932
0.302
0.843
0.411
0.102
0.14
0.358
0.56
0.045
0.06
0.171
0.537
0.617
0.07
0.937
0.987
0.788
0.508
0.236
0.0
0.869
0.798
0.325
0.927
0.903
0.205
0.966
0.142
0.146
