0.051
0.024
0.569
0.047
0.549
0.251
0.244
0.666
0.476
0.031
0.123
0.616
0.169
0.448
0.984
0.735
0.39
0.526
0.637
0.605
0.599
0.743
0.642
0.074
0.376
0.654
0.744
0.154
0.596
0.172
0.357
0.135
0.723
0.432
0.189
0.782
0.097
0.063
0.384
0.145
0.737
0.024
0.819
0.398
0.729
0.649
0.448
0.241
0.675
0.473
0.797
0.934
0.289
0.828
0.416
0.109
0.974
0.934
0.205
0.731
0.847
0.674
0.36
0.425
0.863
0.252
0.872
0.809
0.953
0.433
0.353
0.042
0.411
0.107
0.265
0.268
0.993
0.055
0.93
0.274
0.729
0.033
0.314
0.734
0.198
0.015
0.786
0.525
0.77
0.379
0.093
0.233
0.455
0.884
0.142
0.263
0.302
0.348
0.103
0.483
0.418
0.171
0.663
0.405
0.891
0.959
0.884
0.529
0.729
0.48
0.344
0.656
0.214
0.204
0.856
0.871
0.831
0.717
0.48
0.382
