0.7786889344213881
0.08536474383405346
0.5958464243276453
0.3431872154513569
0.6258062754711295
0.8227682505161122
0.00871578298943887
0.16071004227746655
0.3728349594416749
0.0503475215168776
0.2249035830991979
0.28002559367982416
0.8906813084562824
0.3875178889586848
0.8782602406307495
0.055139414319756774
0.6542894427645561
0.8861815060564477
0.32853173582618533
0.5697520674735896
0.01707109619560132
0.002790056822440823
0.18610443258208725
0.05541541636945624
0.5955612678419198
0.8542519359291659
0.013235197342104543
0.6246952273703656
0.25238187808969315
0.018089105098683778
0.2995131983755417
0.0551614845129591
0.023138489537285034
0.9608480989200168
0.023014047652375247
0.3515076326384279
0.0008439941272762042
0.137681023215797
0.03015628976200735
0.05242757577826196
0.3945093515970508
0.8671357028618147
0.08059668852063107
0.04814671807685178
0.07757053556370397
0.7576912579088894
6.602429540047972e-05
0.7708827578000099
0.45017134775258993
0.5450525357803843
0.8918557249551354
0.1730991432033823
0.04462648106956557
0.8898690118470651
0.7483993820280712
0.02888771772622878
0.3695365036106171
0.0005840292762626653
0.05362009411780089
0.6631550267296922
0.32712665292837717
0.01827353847853419
0.0035110458239973052
0.31631737012203964
0.49499136844948527
0.14161991256767847
0.00039570954554268845
0.13890616855522317
0.6886250176016974
0.009956742549614761
0.9588524278938877
0.02317311315812276
0.14456154878473315
0.659056954775799
0.04464031277942815
0.5354008097975749
0.014574208054335847
0.7721182330190751
0.02313114064589228
0.02215508516401954
0.5864929987691527
0.014766788410985443
0.6091277475278547
0.5336430910523693
0.6278550739549431
0.895424431762498
0.32005452472528684
0.48570211411083836
0.9147726573249066
0.03299002174226834
0.0009290117756588501
0.4815865573863911
0.03894551298604543
0.7128103539809538
0.32898144215489933
0.9477160031993443
0.3255216029768768
0.20688366015534454
0.9784004317583501
0.02338441290858806
0.009318259415835861
0.013935953666517786
0.06297484517370323
0.9028363629241292
0.7743187709498032
0.03290011448578234
0.8898174225071972
0.06538753266715092
0.23947222504080212
0.4090363329567925
0.19936139942380904
0.20611452988302628
0.9851647671023134
0.5338364446310399
0.057407396738423364
0.06044286003573296
0.7442090671044357
0.03715264690112852
0.008939520758376007
0.03535318148563693
