2.531308496145357e-14
0.22956128311405344
0.4121030491559896
0.6926806691634233
0.7023621587462837
0.3941735400291273
0.12798711862014733
5.396890425757306e-05
1.031576626564501e-06
0.3643330890713228
0.8960646606959579
0.038281625144820364
0.14531248495039417
0.00013659238864383028
0.47496602947564387
0.0031220243637501977
0.717577558890734
0.024264528859138546
0.036611639810027796
0.832065115901327
0.28219155252700023
0.4949395167625048
0.033963560936742354
0.7694230503261308
0.09669805322779346
0.9121044433328926
0.4161892297502776
0.04798246653079086
0.0024052930914268966
0.00011831016996644017
0.4484139639257685
0.03612909970459799
0.8172464456714648
0.678698596246432
0.0153880841814511
0.9534905124579245
0.04233480384680233
0.012324315981637399
0.03301299406283948
0.0040247136984465914
0.0003784760854006475
0.006294348341632006
0.13916790201934126
0.4803538958260132
0.4937246966560236
0.31811582083496426
0.006163508338549173
0.6282348713560086
0.11109352827728314
0.059918395790140355
0.007208135707979624
0.32157512545240063
0.6926795576493465
3.6637359812630166e-14
0.814832662709998
3.735545206495772e-11
0.6692499031439043
0.035830403300006086
0.2691766282887091
0.6340149751979349
0.417848580772318
0.7152014584253559
0.9796967531776727
6.802158836194394e-11
0.4391875333878535
0.3533060008380551
0.5300713104852077
0.012373612059972672
0.7406025098975648
0.027205752397834404
0.28373045468524083
0.510645699087618
0.0007454867905407614
0.9175786581803166
0.38122779841638055
0.4346448594553074
0.05774945959410682
0.0009087440434882854
0.003874873994201611
0.0001070494727215543
0.013186188350827965
0.001422048489309935
0.08050448415313238
0.0013452134721658737
0.010938933727102418
0.5712179202231802
0.0016290513044567856
0.6020419754838471
0.004588427102328652
0.902806817154418
0.2822122094576638
0.8733396484696616
0.00016975084412051977
0.01502567668906174
0.243402146440026
0.08474633978218105
0.10408097710982811
0.2621881831685462
4.653842644586348e-09
0.012188701021384807
0.0005216939398093867
0.021253789125907696
0.4004389878566177
0.9054371914573345
0.042472880962749704
0.9926056493106523
0.30421394889374037
0.349987684438656
0.7847893316323312
0.0002632508684785595
0.01710230796350931
0.08777864130647961
0.8318042719395659
0.0004948757037295248
0.9577459451001928
