0.00017627918112417262
0.16711139597581037
0.05008359099843385
0.2547950793466418
0.10135499629720046
0.022874977425194176
3.581984308720365e-06
0.6469486536705404
0.9765087444765355
0.019982053503137198
0.026045896519895306
0.00135552881080514
0.009738015484769713
0.3772660965348724
0.7048932913608696
0.0047947873213065595
0.4040221166168887
0.5683554317803093
2.3566512519224148e-08
0.8996002079912248
0.9296954222351512
0.02559383826473627
0.29894183493843296
0.7578107507040683
0.1764387907260998
8.627987679865612e-08
0.4656912976210479
0.3492994536816152
0.010201116171177027
0.334435579091626
0.10028994355843035
0.09696071760402747
0.45699510984224756
6.118711357805395e-06
0.510423421567799
0.0042407468045839725
0.47193664570146776
0.026699408911928346
0.5329802423790369
0.43937142173602667
1.205856303698738e-08
0.001511292460007807
0.17494428473599874
0.0001471077683210531
5.534012337493621e-06
0.0011462795269638892
0.0012539711987691327
0.020942564095515204
0.026618673466958453
0.8792405055731176
0.3178770728008977
0.944133081155303
0.1601976241932086
0.19777471212304265
0.05055956207732937
0.31797587868417887
0.6966807990592812
4.5565534141811526e-05
0.006854031856235787
0.00013425940495115363
0.751184140443577
0.02271717058046452
9.094936299636203e-07
5.3823544823528024e-05
0.04380965072320531
0.0003954694018044602
0.3558638240044947
0.38690977460481957
0.00028537637796777204
0.03805026222907304
0.02421528379502913
0.12616402150156691
0.08037670075326186
0.07108017058985583
3.225831979314364e-08
8.121966609819786e-05
0.2917435736764675
0.9343746233204746
0.4321153439116443
0.7995561326804642
0.00022288788602642384
0.036194016863863254
8.57876212558839e-05
1.555700548605543e-06
0.7866988186826389
0.0007366273947115864
0.3134163269493872
2.811539401292862e-08
