0.007
0.709
0.45
0.464
0.005
0.462
0.77
0.132
0.419
0.046
0.892
0.472
0.446
0.528
0.245
0.128
0.175
0.461
0.575
0.992
0.523
0.823
0.833
0.674
0.15
0.014
0.228
0.775
0.241
0.374
0.779
0.75
0.316
0.868
0.837
0.915
0.496
0.473
0.837
0.618
0.169
0.144
0.238
0.257
0.687
0.705
0.305
0.549
0.087
0.374
0.114
0.418
0.786
0.76
0.294
0.606
0.835
0.808
0.541
0.503
0.732
0.766
0.694
0.722
0.152
0.228
0.095
0.179
0.826
0.525
0.944
0.084
0.676
0.707
0.142
0.564
0.66
0.404
0.852
0.24
0.799
0.436
0.528
0.363
0.415
0.702
0.567
0.626
0.014
0.711
0.161
0.229
0.385
0.835
0.698
0.487
0.797
0.843
0.16
0.916
0.793
0.306
0.702
0.893
0.818
0.896
0.78
0.231
0.079
0.777
0.33
0.301
0.131
0.218
0.046
0.932
0.871
0.524
0.564
0.404
