0.348
0.62
0.148
0.373
0.269
0.202
0.148
0.009
0.963
0.435
0.858
0.122
0.164
0.381
0.47
0.746
0.96
0.03
0.117
0.296
0.255
0.975
0.176
0.56
0.499
0.317
0.647
0.938
0.982
0.528
0.009
0.649
0.164
0.104
0.864
0.607
0.658
0.925
0.193
0.417
0.561
0.759
0.325
0.227
0.176
0.122
0.048
0.791
0.007
0.817
0.076
0.806
0.533
0.956
0.89
0.361
0.642
0.987
0.778
0.642
0.41
0.1
0.489
0.823
0.209
0.896
0.756
0.539
0.624
0.332
0.203
0.07
0.467
0.013
0.255
0.347
0.258
0.505
0.413
0.7
0.211
0.787
0.749
0.861
0.211
0.64
0.895
0.92
0.234
0.746
0.702
0.269
0.826
0.289
0.577
0.051
0.323
0.388
0.673
0.056
0.892
0.569
0.502
0.205
0.93
0.754
0.276
0.855
0.922
0.357
0.725
0.046
0.378
0.903
0.567
0.631
0.204
0.74
0.01
0.473
