0.8379825897738566
0.332848158026686
0.2799427981039482
0.8422322126233144
0.0946083332705181
0.41746884859716094
0.5422634907533772
0.6409641125067518
0.0013167271566720817
0.33821897726436845
0.10245885348104052
0.058954218686708394
0.5801308179924985
0.3642739407284567
0.11345164285613207
0.9000954713917892
0.10236653374586266
0.11169113232903771
0.8744642405206371
0.6530153946268249
0.9406633446303216
0.12093036640815269
0.3091189156387143
0.21316087153696683
0.02458593849331181
0.05563333927080838
0.9748874384366966
0.9124759326663157
0.604542193950999
0.1514555758219485
0.6524395907619815
0.007917458030391344
0.9912226527385563
0.03714718957242047
0.2982126146583244
0.4702026193094593
0.6611171409389647
0.10235536584551297
0.0762661706175578
0.02246494996843995
0.022298838712615905
0.3558748452467908
0.8086030734686613
0.29736809302188494
0.07348032774214051
0.12766703798378076
0.3193829714599085
0.11572940501230922
0.9203524748642284
0.3653143857689787
0.5980160897692914
0.5877038106834036
0.05249303051202332
0.04280298778232683
0.4078914487605534
0.12183830442699231
0.0827790365538954
0.5343318798187462
0.04212319088263783
0.3707691925022789
0.06319634990186684
0.9241120159543603
0.26600696819787734
0.0664252355058248
0.021963485754478596
0.44340576352547934
0.012020677042105188
0.6449612259466542
0.1850965013591921
0.4344932450128165
0.04014236309304331
0.48026758077391585
0.2901383442743546
0.5877672886965273
0.28839148624221606
0.6784001477954831
0.7843733022265916
0.8688810168920675
0.9059125250427211
0.4221485875443566
0.6217307559144607
0.21331225036581894
0.990602847043595
0.8356519243550538
0.8231521841231532
0.27454396875975334
0.23065474650032994
0.9078623760173913
0.5096593165012222
0.15266286909162696
0.2908527009363047
0.0006639710429583445
0.1825230233339663
0.14503392492281345
0.8961498070433052
0.19626248456030915
0.5259693720581369
0.3423296437434111
0.3092561269812588
0.3658424137403753
0.7386654144948059
0.680482520633814
0.4652471695578173
0.7415397511862458
0.4523691320335001
0.7977109274898608
0.7672542409833414
0.8429049802945116
0.5646582236448034
0.42959021472549197
0.2276742374813885
0.6842814177471757
0.8617074814697261
0.6000826531587082
0.289111302259959
0.65960097133051
0.38808230313237513
0.8486714191310676
0.20218718539509184
0.2826964428790706
