0.6375404355607246
0.22174747216148963
0.0010272230169443564
0.0676715508616233
0.5984806594741252
0.01656458840057695
0.1461358119544074
0.2716876361545495
0.46877180721039546
0.14763102326851318
0.5177554270564853
0.21299093127302268
0.39972536537822956
0.37161520042600255
0.051909199746303925
0.0056902221621539795
0.4789269132845755
0.003611812463612196
0.764946404561318
0.39875727007452916
0.848720867776239
0.06816757665849149
0.004377584736578122
0.6585875267616406
0.31689408847370615
0.0003727542185265609
0.8958690258858057
0.26445342234389035
2.3833756439994858e-05
0.11832919144465781
0.05428718229364704
0.13834416957743167
0.35266231203127285
0.39189078418460466
0.33464861806453516
0.972120642785733
0.059596725551146035
0.6196808188331322
0.020306681668228466
0.3511175046541129
0.065210665708068
0.5424282222673178
0.44498123002138446
0.8281770553282659
0.6243155976619864
0.648698355250797
0.29017471264463035
0.32039001504238995
0.35923783271623133
0.18671389069513503
0.013049328826054918
0.09262402355209054
0.023407864771168185
0.04395463758163043
0.3130460618479011
0.9153988629553904
0.3181852716900102
0.0025333020022533237
0.1370160281760282
0.2271023578657192
0.21791615835382894
0.5650175033054252
0.3760230310137682
0.15612964282887093
0.7261684626659854
0.2034806638131068
0.6489523615482787
0.013914612758157086
0.8098540165524732
0.13998256198666748
0.00046496480523861017
0.4185575807838011
0.6115163025299465
0.21868718862269443
0.8822716323811188
0.0013315194925911378
0.986208369520714
0.6211627570062445
0.5190414040001794
0.19855252355563024
0.06425767791626558
0.39531301298115196
0.1279433749761223
6.087052123260328e-05
0.008019331179992095
0.5861384778851886
0.3277013678432166
0.9372526937169119
0.326463945673864
0.09327227517730681
0.011255208160550145
0.45746527471901466
0.10865476131895013
0.9592560948070614
0.2802954959327495
0.9665266508442976
0.913507968154671
0.0573051926513517
0.036730122590707515
0.01016066044441244
0.9691404934722601
0.014261766090019945
0.4170350672306493
0.05700243877942612
0.135379376018097
0.15294276979976562
0.7535327693574267
0.0029895923915861378
0.2605516210140597
0.29008566563421345
0.5208229242867428
0.7624704307186105
0.5915780648938433
0.4870214601022367
0.3992925424318219
0.2535081194066622
0.10779663406500939
0.2123137280349039
0.01645466390275052
0.6006676810894047
