0.606
0.375
0.61
0.283
0.708
0.093
0.39
0.416
0.215
0.289
0.443
0.78
0.792
0.82
0.162
0.889
0.322
0.938
0.614
0.498
0.523
0.099
0.679
0.435
0.211
0.32
0.852
0.072
0.78
0.35
0.197
0.526
0.17
0.941
0.161
0.593
0.274
0.991
0.78
0.512
0.724
0.828
0.748
0.264
0.777
0.945
0.176
0.785
0.715
0.689
0.071
0.664
0.103
0.272
0.186
0.015
0.881
0.733
0.725
0.627
0.426
0.685
0.173
0.677
0.861
0.035
0.395
0.799
0.46
0.447
0.286
0.269
0.077
0.154
0.976
0.019
0.462
0.258
0.378
0.219
0.212
0.246
0.347
0.88
0.714
0.562
0.038
0.834
0.822
0.184
0.031
0.248
0.554
0.357
0.202
0.198
0.348
0.644
0.501
0.476
0.286
0.358
0.177
0.397
0.558
0.235
0.648
0.308
0.148
0.734
0.396
0.179
0.856
0.249
0.193
0.553
0.335
0.092
0.724
0.555
