0.139
0.444
0.865
0.053
0.76
0.145
0.082
0.333
0.258
0.014
0.916
0.936
0.99
0.148
0.01
0.613
0.093
0.68
0.608
0.053
0.279
0.099
0.256
0.07
0.178
0.786
0.545
0.133
0.246
0.646
0.93
0.792
0.101
0.302
0.141
0.713
0.434
0.605
0.257
0.854
0.906
0.255
0.748
0.956
0.016
0.774
0.6
0.798
0.132
0.129
0.149
0.195
0.445
0.018
0.976
0.637
0.499
0.735
0.184
0.982
0.191
0.841
0.129
0.004
0.999
0.391
0.188
0.493
0.457
0.022
0.693
0.085
0.654
0.767
0.46
0.805
0.654
0.771
0.142
0.881
0.591
0.066
0.646
0.311
0.323
0.922
0.322
0.399
0.783
0.538
0.558
0.024
0.88
0.836
0.943
0.404
0.685
0.851
0.289
0.788
0.52
0.456
0.166
0.015
0.452
0.453
0.059
0.855
0.952
0.437
0.367
0.2
0.344
0.821
0.427
0.986
0.899
0.145
0.884
0.144
0.205
