0.16700056069469427
0.04032292032151408
2.2844015556300334e-05
0.01938378269988994
0.0010103303758457471
9.882043865649948e-06
0.6486806767672841
0.0
0.33030403529158736
0.08479211415295418
0.20838412714006527
0.45675861158694747
0.46002624698784844
9.372819438357993e-07
7.976619365024362e-11
0.0006104312304533455
0.8101657131388325
0.00010333298491405074
0.027884179102331652
0.014239038081305111
0.19477277080820987
0.021851349104537565
2.020605904817785e-14
0.600566575418293
0.3732864761687789
0.5708113590151235
0.0010903305395908447
0.06566662480863905
0.00011263110953829703
0.20576094497300046
0.0002086754103145516
1.4894499855699905e-08
0.00042521238934667416
4.839281644963833e-06
0.16951843540315115
2.0681560217727935e-05
5.41889633518533e-05
0.7069026041577577
2.251890762727804e-05
0.00010416460740159117
6.971001553779388e-11
0.37289086240980396
0.02308673294224506
0.307873364166108
0.3442257384473686
2.362241513509389e-10
0.07393416832866317
0.5893160676484952
0.0007593754947754494
0.2487023272593496
0.00014877039636385092
0.256196186427992
0.0018807898852264415
0.0027508896215948653
0.14292702795641582
0.13330724561280305
0.8806034376325385
0.5463021333222879
0.6729420675061004
0.1165717659634029
0.8081393345383141
0.07257420186468422
8.848002758266027e-05
6.350475700855895e-14
1.1593310156321479e-07
0.07844057415308625
0.01779839977059594
0.001375698386976154
0.00037415000496365813
5.129230373768223e-14
9.26041487936402e-09
1.1589498216668659e-06
0.00033346601775541274
0.0002192843020321078
0.000194372306195012
0.015551799776303943
0.0005519448771222901
0.7639807849841909
0.27739435558223846
0.0006451298328764565
5.606451260264933e-05
0.016267413287724075
0.00016493383360582925
4.471624592095047e-05
0.0020525959624433376
0.0024956420721997663
0.09789620864648296
2.1466283772753059e-07
4.2588155224621005e-13
0.6001007777280962
0.6224843777276168
0.4203413422762004
0.8225965927250067
0.169438437683737
0.005840290397212788
4.044658351354258e-06
5.31609425835633e-06
0.004809702736628729
0.721015701028128
0.1642148153303986
0.0015494839175627106
0.05800719308416791
0.0004524501411622417
2.838984275665979e-06
0.7718405048183608
0.007470130513093753
0.9971069461121844
0.1991980346266944
9.76369185501369e-09
0.40260704621236876
1.1399367205733313e-07
0.006740971704993548
0.0004523195725876228
0.12185591013494856
0.002697694110036286
2.8564686171961284e-08
1.0698109065288008e-12
0.07867940982644961
1.7893708736949065e-10
0.28550489086536546
