0.6090124689807817
0.3695100031875125
0.02150695652422341
0.11503616099028369
0.04532495355590371
0.783932637322046
0.10633325813075101
0.7068314777350473
0.39366127126525785
0.27253273530792277
6.223865793630878e-06
0.48596500062347747
0.1555490408835727
0.7976970311660682
0.6252213264385227
0.26276493668140954
6.674527694916499e-05
0.09381984875426719
0.1431328927478659
0.03151955631753123
0.7752961523159774
0.3287834110090666
0.7372655279619544
0.04177448088909874
0.7015155591807763
0.29760447742767115
0.0168817107536392
0.8853928302790531
0.763698506348131
0.026427730830069773
0.9059120992061864
0.8057382204212755
0.006543974371942651
0.5242853558085332
0.026078707315083438
0.1385354209103419
0.1509632459207506
0.07221832992710442
0.15437292908013922
0.643064020861191
0.3461743390415206
0.3687072703778771
0.046931526332955054
0.310618313407268
0.9419376872902907
0.3013485513704022
0.10873667134352205
0.0001825439141962537
0.07747893694735986
0.22060150364845832
0.3354578436432851
0.1685799231212386
0.01277762944033456
0.34205216016562234
0.010140064801577697
0.1954804915647519
0.24139335506666626
0.37975172751479525
0.07483069251895968
0.6790886424077677
0.050986930804374664
0.6124084070257687
2.8899644899382793e-09
0.7842477020622849
0.7906760045772818
0.8811016707894002
0.17539765248651604
0.015075639951623643
0.12026882192600863
0.3896987116744264
0.46135715965368734
0.9220571043507728
0.00023995572846713387
0.2685057352517475
0.29865634938870733
0.575107263016112
0.05644672945413953
0.38839455017049196
0.04848302843676655
0.017625609814385657
0.42184851166330034
0.0009401177220080825
0.16410027725216092
0.03405175968432128
0.6274382174369588
0.27113736981427206
0.7195137549763639
0.08843569111325822
0.6551563022746277
0.4705778525719202
0.3919864269080271
0.2531606599859871
0.10975926497981692
0.34273198075616285
0.23748708534042606
0.047724065422008355
0.6639095950481919
0.5202009607881763
0.02639295285297072
0.058714601824391366
0.5027909569831001
0.38349826565748785
0.2480299338034142
0.0696147762842596
0.07952890707594595
0.6706037982456747
0.29830152679414823
0.028068655834717182
0.28745482818946266
8.207288249018063e-08
0.003041138594814363
0.13048437251663403
0.9130009740187097
0.009839378077855399
0.3330241376899139
0.3958444230574565
0.06652108143468705
0.7893512088697691
2.5654092250970706e-05
0.03363055662731829
