0.05949792169907614
1.229118673506946e-08
0.6220875891468773
0.4846757386234586
0.9804544269876876
0.003413282051904609
0.7307727649191949
0.0016297552899569023
0.010227852595896758
0.10392394762895107
0.045138116250368565
0.19576715113304588
0.3217727238717285
0.6046300894837446
0.06418777094783024
0.05174915399323954
0.01785702026841207
0.003374950526064513
0.0006312639634611372
0.3036806736484676
0.08006768488111327
0.1934014219577327
0.003158144590824863
0.3167906795302504
0.1745137475800007
0.84920785700452
0.0031561528000527694
0.44151419610855236
0.899534109716904
0.022197153648297663
0.1063018301100207
0.008488180549658608
0.7636137128845244
0.045538991259962414
0.22485189400438998
0.021721504630179966
0.3431806824539938
0.0042047840499619404
0.28238693614549687
0.003053759273394352
0.4705588105971179
0.07045731969263747
0.7489874092378561
0.0032787359809021144
0.6303616863502342
1.876733106698225e-07
0.2526728243245986
0.02664526710673809
0.5447876201586399
0.0022560194642118336
0.3921944460938167
0.10657261438126264
0.9885477070274874
0.08898344030448047
0.00998346854151455
0.012076867731740215
8.83407137788339e-05
0.3609811877260001
1.2501800594755252e-07
0.3330894946036227
0.9603490724623609
0.4316220397113657
0.300571222451834
0.16293743076206835
0.05176545179424474
0.15190247928424605
0.16804979514556528
0.12827257763571076
0.06431486980457035
0.00011188482037161052
0.05213937390624235
0.008654396374711215
0.3239286305967054
0.023824978139377784
1.5039266064054146e-05
0.03644325263822212
0.41345419908761816
3.0373264652272525e-06
0.006021187414805507
0.0006832482381522453
0.010865544831451635
0.08251733957717788
0.7313536599676087
3.0268866568761155e-07
0.021809446720489012
0.2073903337580174
0.6480383322483957
0.7432130690184968
0.05449843600023206
0.0009659895689673181
0.6815999890896163
0.000981010856211384
0.6015810360373703
0.09995598115851356
0.11932823479508459
0.022763786183869428
0.793467953864775
0.253812210322674
0.8700357385158719
0.17547556108946472
0.17282078799042422
0.7958694274217812
0.005495080762866422
1.908092342706169e-05
0.4518281174247667
0.061130544151431376
0.17421250654898035
0.27916109698461167
0.3978642227148006
0.05419071655075758
0.8311933471332094
0.2271054202755891
0.014285959674139814
1.2839879311554725e-05
0.7184306549069879
0.6879081144258639
0.2600945693585919
1.103603460395064e-06
0.6796588370336518
0.004115694762806044
