6.417089082333405e-13
0.07257967354291506
0.12438283486028756
3.271142440253172e-06
0.0003511881555997576
1.4383267643580666e-07
0.00032616492038428646
1.2230585919148496e-05
0.0007092008389641968
0.6235306100227501
0.00834860160114781
0.13614864158474504
0.7211898150702678
0.2786873364188831
0.0018759032619279914
0.1819949090816908
0.48574603752033274
0.008094663698132498
0.12952102139158872
0.38034241075306574
0.0032649108126034943
0.033678451111634145
0.009311426751979823
0.07324106519211271
0.2277158292777932
0.003858610083409708
0.0007448139389203412
0.8724166115347712
3.91647992188382e-05
0.0009302628457052986
0.20098627718683626
0.1618376792210251
0.0020271764255219704
0.01078117094660147
0.05199772781690948
7.707137927859264e-08
0.01229488468726636
0.7645179370154556
0.8617783646901045
0.31675141689033537
1.4134848846936166e-10
0.019819117087385374
0.44813152326489014
0.4431977469017665
0.6374413883133281
0.10454317759537557
0.05862152854871727
0.830583032846987
0.0025512356040575668
0.20592134074234128
0.016970290196399507
1.2891883511834124e-06
0.08964245816941929
0.012457771014094954
7.493315303519488e-05
0.16058061091416898
3.192608755142601e-07
0.0006161882175583777
0.3663316510345167
0.18029857893528
0.19278646181782322
0.11823339353743334
0.28017098592314604
0.1428699228966379
0.13067339593338145
2.848582694170432e-07
7.935301304939912e-10
0.00011804729599296238
4.123136774669689e-06
0.00021253236529128472
0.0030040501910950645
1.8065916949749905e-05
8.319818870727858e-06
0.8089929464411816
0.004710193407572172
0.23142111634153228
0.18709123891838267
0.0036938679335332125
0.018408379252184526
0.05018568595244943
2.6635897820703747e-06
0.028085033764985834
0.3572417775464625
0.403178658905118
0.02020903548646502
0.6861724852865575
0.00011641185723942904
0.019200047705886902
0.13410578592592404
0.37262638930498326
0.006880257229732845
0.11003592544322549
9.978684545330907e-12
0.0961011940420311
0.6620023008633098
0.31243751360975486
0.7610935707480093
1.027983698165258e-09
0.4674210212652734
0.09858221023106428
0.6350304045224758
0.21936792100240998
0.20470795414832474
0.6089183523417027
0.7357216587434755
0.07978634237165205
0.0006582899001763565
7.996522111142212e-09
9.307382627699035e-05
0.0009780728532582383
0.0017875472914001822
0.0031999293096034442
0.0005111816247769241
0.008369574340496566
0.013061413130363908
0.17361808935279477
0.0009659375413257898
0.43463107951688046
0.0029220107304803733
0.31798649608772833
