0.8137555435553082
0.6236085018930949
0.6926985559666093
0.13190462544863557
0.15369511062655183
0.700885355947154
0.7144164997736744
0.5936495085639247
0.8902357711104945
0.836757927552442
0.7577265159174444
0.4340150470644844
0.8373096358722734
0.16634064680624278
0.28492633486645386
0.9638241743306065
0.6168520946800833
0.6769789900111947
0.5958906348879524
0.6836763105006972
0.9469205729123755
0.7633295854903024
0.8105113702442412
0.1986885637718034
0.6250108878904549
0.31371794876379294
0.9360965382831936
0.4031036992503414
0.28467396705231185
0.6964357659947158
0.15338377337324632
0.27488040992159873
0.2649007762411262
0.4730782333445074
0.4561082426378206
0.16078465424660227
0.771810092607786
0.14243551792670142
0.7463557343161433
0.04844871011998395
0.6725955560385855
0.46622497887943126
0.9693314787135163
0.5009441634521024
0.013365458054614405
0.20971200428201042
0.3332956555548503
0.6611835037583542
0.6290168866098345
0.7994205864309676
0.9820240958512494
0.732252471247968
0.2431084737638906
0.5871360825124955
0.5782490804311686
0.2276005591222232
0.9863504831562941
0.3271833708266183
0.9266974535440649
0.8256917410778819
0.20825416309303124
0.9510777685256894
0.9071541958589924
0.17833495137978442
0.8551053724555728
0.568590534480617
0.7995571908646721
0.4878237918613259
0.27411360963510156
0.08808846686139504
0.902841110764818
0.04538132257126377
0.5572197257341515
0.037368427171276176
0.12093436292595472
0.8053201940682064
0.16671551391664696
0.002858395708428496
0.564139454091191
0.6324335221300657
0.9726908855468264
0.715358990487529
0.526361262439744
0.2697318025218783
0.8049272599639155
0.896725408317282
0.6537234727858889
0.26389073716095934
0.9523333151996468
0.6275636423760242
0.1324656509150286
0.029353566046660003
0.6450276236118336
0.9080000305541573
0.45420566842463606
0.05332124373719797
0.6321877232691877
0.9782416932766211
0.9980180927806245
0.5166881972175283
0.8841244557747822
0.15927497506760088
0.574148176139627
0.37888201001943517
0.34094800062161257
0.3328953073476199
0.9108104078566863
0.6073526558138013
0.06018070643470383
0.7221843876684699
0.7567493671123332
0.7717679772693667
0.6939851214393051
0.3411131251327362
0.6655477694532317
0.9596967538074284
0.4273837418837694
0.7245449805206785
0.05921223193558275
0.7099876517923098
