1.957910378269645e-07
1.2813376804032828e-08
2.7361279539839245e-06
3.5063775112309514e-06
0.00108891050916049
0.00020768331526865857
9.055378447087037e-09
0.00011889749242777192
4.3802634912548655e-06
3.162266117695545e-05
5.191630790157831e-06
0.0009277781567058607
4.422379389579234e-05
2.0581447723877488e-07
4.4623295617274295e-05
0.0001684450050778441
0.0005869491911862923
7.41815788796174e-08
3.0026614925571238e-06
2.410706461342116e-06
1.197794826879317e-06
0.004891853316733474
2.3635656141163253e-06
3.881091844482043e-05
0.0007251708200208817
0.0006351703119114038
8.046810062722898e-08
0.0004368639436134192
3.4996422293431806e-07
3.9626061543174274e-08
0.0002120804405159049
0.0001151367644860457
2.6514574233749144e-05
1.5180638722744888e-05
0.0002749035777593889
1.743470843251771e-07
1.2252026871051314e-05
1.3202978714765834e-06
8.264982834571555e-06
3.9181271966004516e-05
2.9052170708920855e-05
4.802066066567079e-06
2.9604879507205695e-05
2.8107854221914863e-07
4.825267165831093e-07
9.407206832623416e-06
6.528470716693491e-06
0.0010374193244804264
3.423205240826732e-06
8.059112555081072e-06
6.094627291730603e-08
1.4342437515413309e-06
5.740882852212081e-06
1.318246928549982e-05
0.000106397246373513
0.00011224702773859896
6.688603320093023e-07
5.055724192470912e-05
0.0012426576678090662
4.264009190890761e-05
7.160767780889365e-05
2.590997025508912e-05
3.5367509787498363e-07
0.0021971724267391135
0.004842222789929407
6.091275706054944e-09
9.050363210416634e-06
4.5412656865417844e-05
1.2834596571087431e-05
1.3455677634333085e-06
3.708442929828415e-05
2.801886346492921e-06
0.00016984961571542279
0.002898521241223806
3.309585552457861e-05
1.1046446015905431e-05
7.215770012658496e-05
2.496137316843061e-07
4.9374227595322395e-08
3.2029454595239315e-06
0.003687123960272043
0.0007291696493736399
5.741893280175603e-06
1.4993488883785488e-06
4.861196687411251e-07
3.201184835255333e-05
2.085282643671249e-06
3.4291680932607704e-06
0.0002401546345800476
8.40939506432381e-05
2.0487081808795438e-07
4.3702988317129154e-06
5.464279477784828e-07
0.0007231607228688208
5.202374706136936e-06
0.00039137976347958237
9.416003918705229e-05
1.076932336840919e-05
5.185872024560112e-05
0.0001219514480403916
3.5451173567180305e-05
0.000114867742094793
5.405366297228653e-06
0.0002724731096559463
0.00028856740162241934
0.0006502791704572353
0.00014017831718016183
2.4085916823235465e-06
2.1601832458362225e-06
2.1119666963276273e-05
5.65001994523584e-07
8.939312310385361e-07
7.304590410894818e-05
7.306385928140813e-05
1.0024927041385467e-05
0.00021094459303916402
0.0038701185977814134
3.9284134456529785e-07
5.1560188119026407e-08
3.5755477396648416e-06
