0.9505418182344976
0.5291804382565984
0.8552761296194625
0.13724786715585283
0.9398439472381841
0.4602107885123232
0.4002518466613032
0.6102034148097422
0.899396364796461
0.07730519766271415
0.7961149979181287
0.04810723790077395
0.08711691828170576
0.37410397470333534
0.7757426557082382
0.6948241448592483
0.6818641318588792
0.1167780835416991
0.6105363622339168
0.9106838490306882
0.9375109253811105
0.6407644356996836
0.4792063894340817
0.32284515300558503
0.03554298753792828
0.8978972442509483
0.08118532101410325
0.1981646121269678
0.5763027735968917
0.2633210279679883
0.08366430804858042
0.04955735828586894
0.1294965605340861
0.45673558507689066
0.33702442369812824
0.1555613711910677
0.47768115979580283
0.055179022869016325
0.6838042195540464
0.6537710291961057
0.1484894180107623
0.2697766338672103
0.3242967246336177
0.6421654770390319
0.8044375501934566
0.04820249991330505
0.0035245921151245453
0.4832747604451788
0.9169918012793055
0.6155735261445993
0.22950469005113808
0.8909861300692826
0.8161969977648538
0.010794672527279177
0.9505720874750514
0.5374038177770355
0.1715902323226931
0.71369651215138
0.028401246003216644
0.7294753854594367
0.08612753588751765
0.938363434062211
0.9726757693502404
0.6969604251700219
0.060519436457438514
0.5699192705830407
0.3252967511445828
0.9475680710097676
0.5927367007583316
0.19217164377282725
0.48051159075134214
0.18402424897826708
0.7796845896169903
0.00853385798032517
0.9990581949428202
0.8063242948958889
0.5091145383259235
0.1969862097349587
0.29620565098331175
0.5247122079628697
0.7817329502839843
0.32927808327544583
0.7289254322548704
0.585520241348729
0.7873581931484082
0.3588907755110431
0.8831029328766036
0.297526889380179
0.035458912309403956
0.472438557187421
0.8805047417077725
0.42802575095211415
0.41411262085951145
0.5431820418694331
0.5172653487236537
0.9165609436142392
0.11403464820450374
0.6998467532817612
0.26391879020477527
0.6539134542933684
0.6232806935095245
0.7923320274335536
0.7053713829502051
0.8852035858208851
0.6575678310300441
0.6897549982912481
0.47502260980583033
0.16066905552146662
0.05171219447481756
0.7483981631686236
0.14160977441290354
0.8045461671659859
0.45907623988843466
0.9373756463824416
0.3594048503563908
0.8842476222721953
0.49806845977322767
0.07671361129749037
0.6647010768987548
0.7504855661074771
