
0.475624564074494
0.9957745726685265
0.8506032597794868
0.1612032953656551
0.7727053576147136
0.5476336266064135
0.3648755445197926
0.6245722765692024
0.46460817980289004
0.46001405554707203
0.3573317034022704
0.2084676591640356
0.12180965925418663
0.37430401623963816
0.9458048263412644
0.6241523234012442
0.7777717792301098
0.6855586170793513
0.5986739203004982
0.25170276994164553
0.571071625449348
0.3495375127989869
0.7285526300091301
0.17481352103284675
0.22865797345276673
0.9727613551299452
0.5636820478234654
0.9675427863579887
0.22994044722032123
0.8392067344868455
0.7357231124330208
0.7270071012510728
0.9100180621637717
0.8854244427015499
0.27009580040262515
0.08472126087004031
0.9901151546711614
0.39491278255561735
0.27084006904540736
0.6875850995044686
0.592092855534994
0.32973044819330066
0.4075842716629485
0.6428006071098942
0.7039240026749863
0.19217270555686428
0.6775583353261824
0.7182053247307878
0.5057658836379968
0.244663815520068
0.11698751576133604
0.7726121837884672
0.07805854921298483
0.0039411571896257325
0.15725335795301
0.5067110433901025
0.541810280864706
0.7330884944899032
0.1710084071790138
0.022791581661557394
0.20725161491644717
0.28104724618354004
0.4757189269413887
0.242585050577278
0.13843434948126587
0.11792084655943237
0.46386059735487706
0.663267000930446
0.7155544133432536
0.4740112342026104
0.6216488983602622
0.8263363205446845
0.3371854998206945
0.09150397565611224
0.8433780086834619
0.9573085248994673
0.15715348162420884
0.932764776832687
0.6692806301755052
0.4909664895576998
0.3338235569604575
0.21958354049909246
0.9644002911062537
0.6566264274391285
0.2162045092886573
0.2850164120231427
0.3939922433462051
0.42257239062597396
0.9598658638933034
0.09744623401005392
0.0852322901967415
0.7027067349525993
0.5425166174100784
0.3667546409847461
0.6200794086262484
0.4923864040807344
0.937290590495397
0.9538457754696374
0.943752212213302
0.9575605942600496
0.19443757572846487
0.06412302666037457
0.9318504838902085
0.21221758080233882
0.896769375841951
0.612505824086213
0.20411959219131734
0.0961924332832276
0.2349912691976661
0.4697230234735341
0.5596496001283148
0.7831357705130857
0.34123910128635204
0.6085724936225386
0.8114216358692079
0.16706928768435847
0.22806747255328788
0.35906120759091853
0.17146096615082618
0.007544188464649298
