0.843798286920473
0.5888201518519386
0.8100797661571248
0.6757690911136591
0.2126311090518338
0.6834255541076483
0.9878453311375184
0.433846818475889
0.017040614824373135
0.7103488092376083
0.9617810229287795
0.004390494638065512
0.07475299078769533
0.08140629229044774
0.9368855047003228
0.8962663828915475
0.09697626030840364
0.1578605358728349
0.9682810285041796
0.3597300621598054
0.5792193848164742
0.04198283629889958
0.6694951413263094
0.35705834221763366
0.4997144470162276
0.23592351659427835
0.5083013786096675
0.2201157350213483
0.0926332400772456
0.6418795831681778
0.38534052390726636
0.5888740183782727
0.04604458082672869
0.2792325448002977
0.5556376894819824
0.7774029191092339
0.7320668423440266
0.9983457155349096
0.757853390482015
0.6228954529280579
0.32840943099515396
0.4179895908178415
0.3472586008704047
0.6954895070915303
0.06611465047894183
0.12159213359873844
0.6633419938861698
0.41352475500913954
0.8305798864297598
0.8623283158579138
0.020559677518933395
0.49249623218852934
0.4585520490673174
0.4963495849482704
0.14096445418197323
0.7090175851837868
0.6838785714942488
0.632947375679134
0.3746740414185126
0.9870394260190375
0.6619578908970721
0.6066139759814118
0.985338490539508
0.16632330755545008
0.4674090919107916
0.6496097103994736
0.7173640737991496
0.7981186509511393
0.7157853624949008
0.6018194111777508
0.5725908617920974
0.39973275214175785
0.7950175487782944
0.980168371810638
0.22596167654877486
0.4139873913571277
0.6427614175483061
0.8167903991675071
0.020751011363398894
0.8651840819968719
0.6568807917345438
0.20275020437161162
0.5503472232977187
0.6478717245115055
0.03367401971357377
0.7145504675585865
0.09757390796366039
0.5189985745420158
0.19436797798130548
0.9584221338225334
0.3647900427998392
0.1143089382886886
0.16550514287476462
0.550458788394133
0.5726818132469447
0.43719377489511063
0.8806449096731291
0.3261596987042772
0.631869731750412
0.627754738693125
0.8018913963229075
0.7447674991974544
0.06471195157056298
0.7001270215302053
0.2167229900194949
0.6733544543675963
0.9916908621252187
0.8513108260640228
0.016299911332681896
0.6097031276228955
0.04574729757641506
0.2514994874944975
0.6747500771939257
0.659009212620566
0.8555972828604173
0.5235269734305501
0.9802899062229393
0.2338554299645665
0.16452059734595526
0.6776392251505738
