0.006177654562521617
0.8721903391812109
0.6255284482450559
0.7828942892061059
0.4735135326842896
0.04995346809111047
0.510561630639247
0.2157452071877204
0.7884393128020324
0.11591317612992968
0.6305064437851358
0.9147190824398248
0.9300330427396313
0.5057741330600348
0.11251681138066899
0.8798257170150197
0.8283277591540477
0.7722115656399982
0.1279262827866354
0.20120759590502443
0.36770655641330374
0.007716969565401133
0.3136063028553375
0.45381856220082595
0.4818886396878388
0.5914750748020636
0.5175077260964089
0.17375691461973108
0.9585957928954218
0.2694315249176415
0.37483435701776635
0.6422687524441857
0.025256220924260164
0.7174348485128275
0.8926581880881906
0.34559287159745417
0.5557140950808613
0.3035228599068087
0.716083098284051
0.31941352044049776
0.15163719760969976
0.14054773961579173
0.7363992893792195
0.7701351629824051
0.8453940356992051
0.5294433138301696
0.29543050962045236
0.6387357317020234
0.1428718989058837
0.8019105611494279
0.6057861353395422
0.48964430381855734
0.4476369118339699
0.37903218370012665
0.8188523842763651
0.14299286727463567
0.7860935085792117
0.050605977717532946
0.4109111410420496
0.9748486791339126
0.13164209430590623
0.9502601509334164
0.3449082862481724
0.9165381076653026
0.5043732625264767
0.6850040953329148
0.10579807913137773
0.6065521752735971
0.4086891603634948
0.1032872072658652
0.11116613802772692
0.16029857398686742
0.755628788193988
0.14541587605338496
0.34726304415013814
0.6074344490420833
0.5966879434382094
0.9041048230098205
0.08952248463867682
0.047139035783725754
0.7031309037971374
0.6074694294911105
0.6022127167122924
0.46662902849683996
0.5602591895888756
0.4370859260371365
0.8739321248176111
0.10695646958828511
0.0612339998945588
0.4370077464101729
0.7485253335462521
0.9792980853750366
0.3704150005202421
0.8347132256717233
0.009874920284587124
0.7267124923044331
0.8055456455048419
0.2799638450288427
0.8621581303077488
0.1478801879053797
0.6826643794886162
0.6567489774400073
0.7523903072986045
0.0014291192361186589
0.006706057414081831
0.6405414066961543
0.058120020969180564
0.44119379951855814
0.4133603674122882
0.1330984146142804
0.20164917094412357
0.6488620632821871
0.2910348442272883
0.3917665448141081
0.5454444405355952
0.24510103026605487
0.6454573341508529
0.7563707515097035
0.9551821025644537
0.5950425970660163
