0.6164816216926665
0.34175636697178513
0.2351583787546001
0.7931080676704744
0.24790070195487557
0.8511794628050784
0.38755316816468754
0.9351045537044333
0.07480596958662966
0.7505882880464048
0.5104226675613837
0.1129425630505772
0.07119218073640364
0.7522505407247577
0.1932486436926153
0.378711035383325
0.6658094869773061
0.4997082082967496
0.9800288904470452
0.6788260125634267
0.7911315115886883
0.5591126649005502
0.6402377126441332
0.6089955962215401
0.6535122148790666
0.7895315623002437
0.6497027881362232
0.30673437988201013
0.3285458298957208
0.3413215700186088
0.23837715024927256
0.7617303354766674
0.9794842754234753
0.19739301321703584
0.5303468169271803
0.6138151661511064
0.284908890422428
0.5211763279809396
0.2604257986567635
0.4414380103895385
0.41963355577089523
0.6495291789768867
0.7555436020640106
0.3538465361117795
0.9608680943112968
0.9944120462647903
0.2758535448970377
0.3441532165060619
0.9126944053937025
0.1414918123027094
0.3209590418263812
0.18643351422205598
0.6894196060729738
0.5022959150216674
0.3676388220658027
0.375432315535975
0.691501134310007
0.9827153698154529
0.16463324268010765
0.4035475238727544
0.9118680966870489
0.35708972577607123
0.011094937208698585
0.9941985426268054
0.1650850926895826
0.9786958124038498
0.8560604601614512
0.6629626276639875
0.790165756863356
0.7856519010836601
0.9831289608034026
0.9268745346080349
0.13881812338555188
0.31217005097332273
0.9394045516784839
0.2674605743448103
0.604293767584839
0.7309712666901484
0.5935058561363884
0.22180212508854913
0.3526180433405781
0.06167348785379272
0.627127274230739
0.9850942558798846
0.22023471256879867
0.28452059190213136
0.20046267504870285
0.40633594529803196
0.9822470975029163
0.8973389940352328
0.9850107675134521
0.6424748947612744
0.7796974180952425
0.23293334249851355
0.6304571910282003
0.7093519966910871
0.4244443017625821
0.33250254451052896
0.6677975240379486
0.579439356948992
0.579439356948992
0.06529169153346341
0.579439356948992
0.8163691749875117
0.045165345303015636
0.05911095740134886
0.6092298247564922
0.7595920644980041
0.3518054257957677
0.40679958729670207
0.45126048917646017
0.5904843089485988
0.6111102801898607
0.5654365152256134
0.8381818104525055
0.11418908619089363
0.8333834818140037
0.6362447020259687
0.5023425137140398
0.8660304976928397
