0.246
0.499
0.493
0.016
0.849
0.48
0.067
0.985
0.339
0.145
0.081
0.573
0.994
0.364
0.732
0.595
0.291
0.693
0.19
0.706
0.677
0.956
0.625
0.87
0.723
0.445
0.039
0.675
0.554
0.822
0.617
0.165
0.836
0.276
0.343
0.677
0.591
0.999
0.041
0.419
0.999
0.356
0.933
0.09
0.761
0.096
0.733
0.228
0.574
0.161
0.573
0.63
0.869
0.291
0.996
0.276
0.478
0.891
0.263
0.531
0.094
0.914
0.236
0.272
0.547
0.96
0.357
0.895
0.022
0.619
0.728
0.137
0.938
0.999
0.44
0.754
0.774
0.116
0.699
0.508
0.524
0.294
0.509
0.236
0.351
0.57
0.487
0.214
0.089
0.855
0.107
0.069
0.644
0.806
0.947
0.11
0.573
0.573
0.121
0.692
0.558
0.514
0.564
0.293
0.642
0.294
0.72
0.63
0.344
0.311
0.329
0.382
0.371
0.968
0.11
0.812
0.242
0.089
0.522
0.289
