0.182
0.577
0.385
0.296
0.677
0.749
0.057
0.267
0.208
0.221
0.072
0.639
0.819
0.698
0.358
0.361
0.951
0.544
0.808
0.074
0.922
0.577
0.845
0.781
0.31
0.348
0.549
0.697
0.416
0.346
0.822
0.841
0.821
0.309
0.619
0.13
0.81
0.322
0.279
0.558
0.033
0.987
0.092
0.161
0.668
0.225
0.736
0.095
0.26
0.973
0.968
0.271
0.989
0.834
0.153
0.325
0.823
0.852
0.65
0.11
0.715
0.549
0.517
0.448
0.883
0.867
0.647
0.325
0.703
0.192
0.257
0.956
0.367
0.445
0.952
0.192
0.503
0.865
0.675
0.381
0.001
0.621
0.241
0.01
0.731
0.681
0.743
0.425
0.213
0.517
0.979
0.402
0.148
0.037
0.328
0.075
0.606
0.91
0.074
0.526
0.615
0.954
0.798
0.481
0.115
0.187
0.609
0.133
0.115
0.011
0.156
0.099
0.261
0.14
0.786
0.652
0.176
0.145
0.467
0.965
