0.6532995226092673
0.973031314472756
0.6881153236514992
0.5839720044447816
0.7733256605200972
0.6068937358714406
0.5349942774317308
0.9450574953047761
0.9495735895896531
0.5496408277397975
0.0956882159652148
0.8764938026006768
0.6160381806210613
0.047298030787895406
0.1420619344473073
0.12323519482221293
0.11212136720791666
0.4799880631090969
0.9637197213168951
0.28535037882853687
0.4210611457560518
0.9330548413766335
0.011314440002142101
0.7314747331747338
0.908719780301342
0.11912801530525363
0.3018074357284757
0.19368620683204626
0.10115609397709756
0.34615399996348145
0.2239760861111351
0.05460305319966486
0.20644926595043142
0.7452149207672614
0.7582595337537821
0.7089169595498692
0.13649353544623022
0.6576228532452151
0.44791529333351954
0.7699426589055902
0.7735983364795147
0.7470537817662972
0.36046363928770697
0.5822225667796082
0.003842641398173585
0.8232189889702044
0.7769952563933916
0.11878465665224991
0.5350978916152072
0.6915462751993359
0.9879853349709644
0.8033862471852351
0.045881501921077206
0.5669269880024581
0.89037049095742
0.31455472609492396
0.8537038586226069
0.1095329132944761
0.49467824848308717
0.42935251136823144
0.2966367832886232
0.5004900690429104
0.8281074686939032
0.37618746869844966
0.24816988970313383
0.725949810170031
0.5240369218107959
0.7032397764745688
0.9477977193180516
0.9998062506660208
0.8966615375587206
0.3337885117233444
0.18250180391578152
0.8024519021957095
0.31347013629312115
0.04480218294103788
0.2810915631017071
0.49026394505100934
0.10884571361810336
0.8441427044551901
0.13255853778129373
0.48115856738978147
0.26703531070859415
0.5645328355495537
0.09775095086513597
0.5198357837834104
0.8771936124408628
0.8505151822751532
0.3906814565887856
0.8354594532715208
0.7808856744999579
0.49098661105386365
0.23602357672442698
0.34477663925525603
0.32059606446900824
0.6643920765852134
0.7411085739260177
0.053355356175455615
0.5593304051499433
0.7634747263945079
0.987199490524656
0.1882161296685816
0.0045454663030081105
0.5835197648211057
0.8453803564199709
0.6949440070759645
0.22899808201895167
0.26019223771238287
0.6260253952666652
0.275037515410697
0.6380172398687364
0.06879967959462308
0.018269043710907804
0.4890615211828749
0.6628177747972528
0.16850307017300792
0.5873726757012934
0.5311050865601215
0.8727465997397668
0.2509794998517412
