0.4057823551002478
0.22234087685958617
0.88011314895541
0.2539721950163183
0.32278868561135704
0.3319584613983735
0.8801250194634338
0.7668446490168139
0.5634559558341856
0.6302712326054924
0.2149638068326161
0.17059459138745137
0.4185137569498892
0.8768623982482091
0.7722749544244079
0.8922405368426873
0.23711934045584693
0.9329472958408356
0.22363607457546633
0.38716581970700176
0.4729195164886829
0.7566972301055765
0.09794739956270604
0.6649920159923287
0.046591451802180384
0.22656633491045008
0.713138905642236
0.3195565642976028
0.7940840353842307
0.22696199450096563
0.9472477234284475
0.5925992483072485
0.30331537531966823
0.7161183347456173
0.013573665254089555
0.05086097326641222
0.0046552738828742335
0.9569889923092683
0.8825664064334235
0.7633275373334796
0.43836845595868246
0.025958696341453272
0.7529295515524776
0.1303120658269643
0.6987708222557028
0.9615118971932688
0.24405544370846033
0.639320856708399
0.7840091999227902
0.07422635483942554
0.22572634073572995
0.9044576950647925
0.766701397936164
0.3473253618424045
0.9767939519561535
0.853525834857874
0.384723282711015
0.8087022554389809
0.37944204789377145
0.7115647121639523
0.7194102178717139
0.12978464965148184
0.16196345370288712
0.15785863469154826
0.9264265739471522
0.9517591802125199
0.05569326886900172
0.1635980805599151
0.708194625920165
0.16901177982215781
0.06881020111218969
0.1631920402027991
0.13691022535788444
0.41265035836581143
0.3302061422276059
0.671364743384927
0.641737966709792
0.21423326103564144
0.4484616037957707
0.24398832247369187
0.5411576424869474
0.04625610843450234
0.2041899602559325
0.9197012655886341
0.39019248323806816
0.312149872871488
0.18586227852296494
0.18079875112502686
0.5037088374067527
0.3688524539167901
0.15938938633093488
0.7573824317857831
0.9228944354559891
0.9984976303211224
0.14604248042875057
0.385746819811033
0.11348983541926216
0.2964463186059776
0.04157578683623192
0.2138582102738853
0.34710473632534944
0.09389806638393164
0.7238212967766399
0.8750210366618878
0.03976709373081677
0.9158648071190127
0.17570443333329963
0.9647559614218242
0.21071546236240102
0.5785261698802807
0.12530226530618815
0.05218944414520421
0.7114276469522607
0.3034021668564273
0.3531213776636408
0.8427953396263865
0.20413557675190952
0.024224041581829007
0.19388159912726644
0.18279109279493747
0.1642431178580119
