0.4775629527640546
0.08919146320820848
0.15893465644999985
0.8598384354521911
0.543106629349305
0.8484632833530398
0.2136697852753393
0.3586172150433593
0.5637173378354137
0.022239724817373362
0.7943243780971286
0.02356448527171806
0.10181104101867455
0.06760789501074908
0.2974071188221509
0.3737185597875554
0.12387821402729011
0.865849463622943
0.6049645290100749
0.24763146907654443
0.07786326065668181
0.8923594815998354
0.5596813250003589
0.17618080113794998
0.11846896781149248
0.5717077201074615
0.09680302379255545
0.47918633210612366
0.022008754807513853
0.778344712512069
0.759904949982346
0.007841854037930807
0.3044949786315754
0.6470319414025727
0.4879538216652137
0.709675505563936
0.09778171110314005
0.6968481457463465
0.9384800653621419
0.7970911589794045
0.1299022349054959
0.14333646482889928
0.9735282338157614
0.9880194558256049
0.5793863813456239
0.9504734927438612
0.3376023998887064
0.18702164230905782
0.6944562263670211
0.3060695607464896
0.8811646724197493
0.3864779898177586
0.6991204014752774
0.363096856793826
0.01903190092846896
0.977061095184447
0.3968246882346738
0.8756978075751707
0.32356453646859656
0.013071973016108185
0.3336852842862278
0.38723282787862456
0.6697942281647196
0.596466173131392
0.29617587919481836
0.6943186755675321
0.22182165566235534
0.03512176145661017
0.10871804586707112
0.36504307710280215
0.02893844211643315
0.9437947408169809
0.9116917610199746
0.3883463842426049
0.2555276075574493
0.0446064677149538
0.06451167651388533
0.6096089225635519
0.7027405018212044
0.8605552687772734
0.21446806906743646
0.7175270718247247
0.6913583903597179
0.31819807367687974
0.042108350105599435
0.8067160441923098
0.06362168975757942
0.330686011641139
0.8114426193772142
0.8133494264384344
0.570168240985969
0.23031673711760736
0.34354243260367534
0.2596613834701384
0.6025682339772385
0.5490853635740172
0.32820758761200164
0.25340691987862085
0.5285694845787932
0.47534179731647086
0.4892330156680102
0.743405594181384
0.3337408805716515
0.24067598156469588
0.8066799122837403
0.002702944577310351
0.22100991324060137
0.012385389952846548
0.5222850317939656
0.2698355236495672
0.389652503049461
0.9847747143375578
0.533210607524039
0.7398002810327804
0.43549700203538483
0.5531278616928761
0.5732476050282598
0.3089814780313913
0.5989643958152551
0.8866497340830966
