0.5215242049411267
0.1284814093090767
0.7053213342370432
1.381077017192922e-07
0.14884851241912678
0.20442822462472465
0.2565172705421985
0.04621773051928546
0.27446849972223597
0.0009794379086807137
0.6213833209085773
0.2670275353607292
0.5672222797773168
0.6126146685560911
0.001343093469705181
0.04574260761707172
0.647369215345434
0.2014806256543431
0.01790722416391799
0.8270118622013433
1.4848811356049652e-06
0.5567077544255064
0.9338879186003384
0.912834870566374
0.128102670632257
0.05800861700306337
5.922731729501862e-07
2.4513620655142176e-05
0.5014793585385073
0.6088609389518469
0.8135576593646202
0.5949555173435248
0.005790793675544137
0.8491984808606334
0.3909313223101014
0.07615559907577807
0.06709037530513302
0.08251875016590882
0.01321960827823454
0.05979163565087875
0.12968471177260965
0.7632644574037626
0.10457894709205728
0.002002535906003855
0.01298597788572553
0.08296393433826334
0.6067078184925623
9.909761950144258e-05
0.021739432709094064
0.24372723072466043
0.07389701171745755
0.33691927563750085
0.1729346071384521
0.9615771550279582
0.1852644551899271
0.010135789378237225
0.010527881239305481
0.13682874332685713
9.683170078944592e-05
0.055969115454561846
0.015470835276349737
0.4855213324898792
0.00023648045925006578
0.4455902001463801
0.6553897107545561
0.06691834020407472
0.3955384169996868
0.03783463667231679
0.6929034524677486
0.0025883600965315168
0.7885480871004733
0.00601324993215302
0.42720993217602055
7.0978957975587065e-06
0.34810053055884227
0.16986502580038176
0.18256274830477914
0.21718595316902833
0.06528974784516328
0.001023869903352237
0.12624191658890394
0.2532072913144412
0.15419925840059956
0.319029765033477
0.2528488898264223
0.691992273265041
0.34203332138745046
0.0007379413271946245
0.20636272516775422
0.29365586619991757
0.008077001538862705
0.04805285627892131
0.00020425931533396557
0.06871242240112552
0.3981416109354641
0.009557199873946542
0.01639506257324297
0.054487903595701104
0.6102343066946663
0.041564374237585744
0.6114606004144321
0.028607253537114463
0.030625511037188247
0.052569657303124906
0.13730842426199463
0.49734612533037037
0.0004024268166553657
0.6571941442244165
0.0124149906762272
0.9763946616748473
0.8254769840779155
0.638750263237277
0.40378228479176115
0.25148105087393335
0.015268391607712095
0.7216053635618069
0.2409626885300314
6.878666940002276e-05
0.7170494386790012
0.5222739639485954
